rowLabel	nucl_t1	nucl_t2	f0_min	f0_max	f0_median	f0_mean	f0_meanST	f0_start	f0_end	lopitch	hipitch	hipitchST	dynamic	intrasyllab	intersyllab	up	down	trajectory	f0_discont	prnp_start	prnp_end	prnp_intra	nucl_dur	syll_dur	vowel_dur	rhyme_dur	gap_left	loudness	int_peak	hesitation	speaker_id	before_pause	after_pause	pause_dur	iso_dur
0.587	0.5867176870748292	0.6317176870748292	117	120	120	119	82.82	120	120	120	120	82.9	0	0	0	0	0	0	0	46	46	0	0.04500000000000004	0	0	0	0.5867	0	76.5	0	1	0	1	0	0.09499999999999997
0.682	0.6817176870748292	0.7417176870748292	113	120	118	117	82.56	118	118	118	118	82.7	0	0	-0.18	0	0	0	0	44	44	0	0.06000000000000005	0	0	0	0.05	0	73.9	0	1	0	0	0	0.18499999999999994
0.867	0.8667176870748291	0.9517176870748292	109	111	110	110	81.51	110	110	110	110	81.51	0	0	-1.08	0	0	0	0	35	35	0	0.08500000000000008	0	0	0	0.125	0	75.9	0	1	0	0	0	0.1050000000000001
0.972	0.9717176870748292	1.0517176870748282	102	112	109	108	81.14	109	109	109	109	81.27	0	0	-0.11	0	0	0	0	34	34	0	0.07999999999999896	0	0	0	0.02	0	72.4	0	1	0	0	0	0.20999999999999996
1.182	1.1817176870748292	1.2067176870748286	105	109	108	107	81	108	108	108	108	81.07	0	0	-0.15	0	0	0	0	33	33	0	0.024999999999999467	0	0	0	0.13	0	76.3	0	1	0	0	0	0.04499999999999993
1.227	1.226717687074829	1.2967176870748276	109	111	110	110	81.47	110	110	110	110	81.49	0	0	0.43	0	0	0	0	35	35	0	0.06999999999999851	0	0	0	0.02	0	73.6	0	1	0	0	0	0.14500000000000002
1.372	1.371717687074829	1.4967176870748264	109	117	115	114	82.04	115	115	115	115	82.23	0	0	0.86	0	0	0	0	40	40	0	0.12499999999999734	0	0	0	0.075	0	78.6	0	1	0	0	0	0.14500000000000002
1.517	1.5167176870748291	1.5617176870748282	112	119	116	115	82.29	116	116	116	116	82.3	0	0	0.15	0	0	0	0	41	41	0	0.04499999999999904	0	0	0	0.02	0	74.1	0	1	0	0	0	0.1299999999999999
1.647	1.646717687074829	1.7067176870748277	118	121	120	120	82.94	120	120	120	120	82.97	0	0	0.67	0	0	0	0	46	46	0	0.05999999999999872	0	0	0	0.085	0	76.3	0	1	0	0	0	0.13000000000000012
1.777	1.7767176870748291	1.9067176870748264	133	166	149	151	86.88	133	166	133	166	88.52	1	3.85	1.79	3.85	0	3.85	0	59	86	27	0.12999999999999723	0	0	0	0.07	0	72.3	0	1	1	0	0.84	0.12999999999999723
2.747	2.746717687074829	2.876717687074826	110	120	116	116	82.33	116	116	116	116	82.43	0	0	-6.07	0	0	0	0	41	41	0	0.12999999999999723	0	0	0	0.84	0	75.7	0	1	0	1	0	0.33000000000000007
3.077	3.076717687074829	3.1817176870748267	95	125	108	108	81.09	125	95	95	125	83.61	-1	-4.62	1.31	0	-4.62	4.62	0	51	16	-35	0.10499999999999776	0	0	0	0.2	0	80.2	0	1	1	0	1.11	0.10499999999999776
4.292	4.291717687074829	4.431717687074826	146	164	156	156	87.52	156	156	156	156	87.5	0	0	8.67	0	0	0	0	79	79	0	0.13999999999999702	0	0	0	1.11	0	78.3	0	1	0	1	0	0.3000000000000007
4.592	4.59171768707483	4.666717687074828	179	189	186	185	90.4	186	186	186	186	90.49	0	0	3.06	0	0	0	1	100	100	0	0.0749999999999984	0	0	0	0.16	0	73.1	0	1	0	0	0	0.17499999999999982
4.767	4.76671768707483	4.901717687074827	142	155	148	148	86.62	148	148	148	148	86.63	0	0	-3.84	0	0	0	0	72	72	0	0.13499999999999712	0	0	0	0.1	0	79.2	0	1	0	0	0	0.34499999999999975
5.112	5.1117176870748295	5.296717687074826	163	165	164	164	88.36	164	164	164	164	88.37	0	0	1.85	0	0	0	0	85	85	0	0.18499999999999606	0	0	0	0.21	0	71.1	0	1	1	0	0.85	0.18499999999999606
6.147	6.14671768707483	6.276717687074827	133	141	139	138	85.41	139	139	139	139	85.5	0	0	-2.79	0	0	0	0	64	64	0	0.12999999999999723	0	0	0	0.85	0	77.5	0	1	0	1	0	0.41000000000000014
6.557	6.55671768707483	6.7617176870748255	159	184	180	177	89.7	180	180	180	180	89.95	0	0	4.52	0	0	0	0	97	97	0	0.20499999999999563	0	0	0	0.28	0	78.7	0	1	0	0	0	0.22499999999999964
6.782	6.7817176870748295	6.811717687074829	173	181	179	178	89.79	179	179	179	179	89.84	0	0	-0.06	0	0	0	0	96	96	0	0.02999999999999936	0	0	0	0.02	0	64.8	0	1	0	0	0	0.16999999999999993
6.952	6.951717687074829	6.996717687074828	121	131	126	125	83.71	126	126	126	126	83.73	0	0	-6.07	0	0	0	0	52	52	0	0.04499999999999904	0	0	0	0.14	0	75.3	0	1	0	0	0	0.16000000000000014
7.112	7.1117176870748295	7.146717687074829	116	128	122	122	83.2	122	122	122	122	83.3	0	0	-0.43	0	0	0	0	48	48	0	0.034999999999999254	0	0	0	0.115	0	71.9	0	1	0	0	0	0.19500000000000028
7.307	7.30671768707483	7.441717687074827	90	115	102	102	80.2	115	90	90	115	82.16	-1	-4.25	-1.01	0	-4.25	4.25	0	40	10	-31	0.13499999999999712	0	0	0	0.16	0	70.2	0	1	0	0	0	0.2699999999999996
7.577	7.576717687074829	7.6167176870748285	79	83	81	81	76.14	81	81	81	81	76.14	0	0	-1.76	0	0	0	0	0	0	0	0.03999999999999915	0	0	0	0.135	0	59.4	0	1	1	0	1.26	0.03999999999999915
8.877	8.87671768707483	8.931717687074839	99	104	103	102	80.17	103	103	103	103	80.26	0	0	4.19	0	0	0	0	27	27	0	0.0550000000000086	0	0	0	1.26	0	68.7	0	1	0	1	0	0.21499999999999986
9.092	9.09171768707483	9.171717687074842	111	115	114	114	82.13	114	114	114	114	82.14	0	0	1.91	0	0	0	0	39	39	0	0.0800000000000125	0	0	0	0.16	0	79.7	0	1	0	0	0	0.3149999999999995
9.407	9.40671768707483	9.461717687074838	106	121	111	112	81.77	111	111	111	111	81.62	0	0	-0.38	0	0	0	0	36	36	0	0.0550000000000086	0	0	0	0.235	0	72.6	0	1	0	0	0	0.14499999999999957
9.552	9.551717687074829	9.651717687074845	119	137	132	131	84.46	132	132	132	132	84.56	0	0	3.03	0	0	0	0	58	58	0	0.10000000000001563	0	0	0	0.09	0	71	0	1	0	0	0	0.20000000000000107
9.752	9.75171768707483	9.81171768707484	113	137	123	125	83.65	123	123	123	123	83.44	0	0	-1.09	0	0	0	0	49	49	0	0.06000000000000938	0	0	0	0.1	0	72	0	1	0	0	0	0.1999999999999993
9.952	9.95171768707483	10.121717687074856	107	114	112	111	81.66	112	112	112	112	81.7	0	0	-1.61	0	0	0	0	37	37	0	0.17000000000002657	0	0	0	0.14	0	75.7	0	1	1	0	1.07	0.17000000000002657
11.192	11.19171768707483	11.266717687074841	118	122	121	120	83.01	121	121	121	121	83.06	0	0	1.37	0	0	0	0	47	47	0	0.07500000000001172	0	0	0	1.07	0	79.8	0	1	0	1	0	0.29499999999999993
11.487	11.48671768707483	11.541717687074838	106	118	113	113	81.94	113	113	113	113	81.97	0	0	-1.05	0	0	0	0	38	38	0	0.0550000000000086	0	0	0	0.22	0	72.8	0	1	0	0	0	0.21000000000000085
11.697	11.69671768707483	11.726717687074835	111	116	114	114	82.05	114	114	114	114	82.04	0	0	0.2	0	0	0	0	39	39	0	0.03000000000000469	0	0	0	0.155	0	73.9	0	1	0	0	0	0.14999999999999858
11.847	11.846717687074829	11.931717687074842	132	141	137	137	85.28	137	137	137	137	85.29	0	0	3.29	0	0	0	0	62	62	0	0.08500000000001329	0	0	0	0.12	0	77.6	0	1	0	0	0	0.1850000000000005
12.032	12.03171768707483	12.126717687074844	131	142	140	139	85.48	140	140	140	140	85.63	0	0	0.45	0	0	0	0	65	65	0	0.09500000000001485	0	0	0	0.1	0	80	0	1	0	0	0	0.25
12.282	12.28171768707483	12.386717687074846	135	146	141	140	85.65	141	141	141	141	85.68	0	0	0.13	0	0	0	0	66	66	0	0.10500000000001641	0	0	0	0.155	0	73.5	0	1	1	0	1.09	0.10500000000001641
13.477	13.47671768707483	13.646717687074856	118	127	125	124	83.53	125	125	125	125	83.66	0	0	-2.02	0	0	0	0	51	51	0	0.17000000000002657	0	0	0	1.09	0	80.3	0	1	0	1	0	0.41000000000000014
13.887	13.88671768707483	13.95671768707484	112	118	117	116	82.38	117	117	117	117	82.45	0	0	-1.14	0	0	0	0	43	43	0	0.07000000000001094	0	0	0	0.24	0	80.8	0	1	0	0	0	0.2699999999999996
14.157	14.15671768707483	14.22171768707484	165	171	169	169	88.86	169	169	169	169	88.9	0	0	6.45	0	0	0	0	89	89	0	0.06500000000001016	0	0	0	0.2	0	76.1	0	1	0	0	0	0.16999999999999993
14.327	14.32671768707483	14.371717687074836	139	171	161	159	87.82	161	161	161	161	88.05	0	0	-0.76	0	0	0	0	83	83	0	0.045000000000007034	0	0	0	0.105	0	73.8	0	1	0	0	0	0.1750000000000007
14.502	14.50171768707483	14.526717687074834	104	111	109	109	81.23	109	109	109	109	81.28	0	0	-6.69	0	0	0	0	34	34	0	0.025000000000003908	0	0	0	0.13	0	72.7	0	1	0	0	0	0.10500000000000043
14.607	14.60671768707483	14.681717687074842	99	103	103	102	80.19	103	103	103	103	80.25	0	0	-0.97	0	0	0	0	27	27	0	0.07500000000001172	0	0	0	0.08	0	72.6	0	1	0	0	0	0.15999999999999837
14.767	14.766717687074829	14.871717687074845	90	105	92	94	78.76	92	92	92	92	78.41	0	0	-1.83	0	0	0	0	12	12	0	0.10500000000001641	0	0	0	0.085	0	74	0	1	0	0	0	0.2350000000000012
15.002	15.00171768707483	15.076717687074842	86	101	91	92	78.36	101	86	86	101	79.97	-1	-2.7	1.68	0	-2.7	2.7	0	24	4	-21	0.07500000000001172	0	0	0	0.13	0	64.9	0	1	1	0	1.075	0.07500000000001172
16.152	16.15171768707483	16.261717687074807	163	177	173	171	89.06	173	173	173	173	89.25	0	0	12.14	0	0	0	0	92	92	0	0.10999999999997812	0	0	0	1.075	0	77.4	0	1	0	1	0	0.21999999999999886
16.372	16.371717687074828	16.441717687074814	182	199	195	192	91.06	195	195	195	195	91.31	0	0	2.1	0	0	0	0	100	100	0	0.06999999999998607	0	0	0	0.11	0	74.7	0	1	0	0	0	0.15000000000000213
16.522	16.52171768707483	16.62171768707481	138	156	155	152	87.06	155	155	155	155	87.42	0	0	-3.87	0	0	0	0	78	78	0	0.0999999999999801	0	0	0	0.08	0	76.5	0	1	0	0	0	0.36999999999999744
16.892	16.891717687074827	17.0367176870748	158	173	162	164	88.34	162	162	162	162	88.1	0	0	0.79	0	0	0	0	83	83	0	0.14499999999997115	0	0	0	0.27	0	81.3	0	1	0	0	0	0.16499999999999915
17.057	17.056717687074826	17.1967176870748	151	181	175	173	89.24	175	175	175	175	89.5	0	0	1.42	0	0	0	0	93	93	0	0.13999999999997215	0	0	0	0.02	0	77.2	0	1	0	0	0	0.27500000000000213
17.332	17.33171768707483	17.491717687074797	133	163	155	151	86.91	133	153	133	163	88.21	1	3.51	-4.72	3.51	0	3.51	0	59	76	25	0.15999999999996817	0	0	0	0.135	0	80.9	0	1	0	0	0	0.41499999999999915
17.747	17.746717687074828	17.796717687074818	145	151	149	149	86.66	149	149	149	149	86.69	0	0	-0.4	0	0	0	0	73	73	0	0.04999999999999005	0	0	0	0.255	0	79.5	0	1	0	0	0	0.19000000000000128
17.937	17.93671768707483	18.021717687074812	167	187	182	180	89.98	182	182	182	182	90.18	0	0	3.55	0	0	0	0	98	98	0	0.08499999999998309	0	0	0	0.14	0	76.5	0	1	0	0	0	0.129999999999999
18.067	18.066717687074828	18.096717687074822	179	184	182	181	90.09	182	182	182	182	90.13	0	0	0.04	0	0	0	0	98	98	0	0.02999999999999403	0	0	0	0.045	0	60.9	0	1	1	0	1.33	0.02999999999999403
19.427	19.426717687074827	19.50671768707481	106	119	119	118	82.66	119	119	119	119	82.76	0	0	-7.34	0	0	0	0	45	45	0	0.07999999999998408	0	0	0	1.33	0	81.9	0	1	0	1	0	0.26000000000000156
19.687	19.68671768707483	19.756717687074815	115	133	123	123	83.42	123	123	123	123	83.45	0	0	0.71	0	0	0	0	49	49	0	0.06999999999998607	0	0	0	0.18	0	72.6	0	1	0	0	0	0.254999999999999
19.942	19.941717687074828	20.021717687074812	107	113	112	111	81.61	112	112	112	112	81.7	0	0	-1.61	0	0	0	0	37	37	0	0.07999999999998408	0	0	0	0.185	0	77.6	0	1	0	0	0	0.16499999999999915
20.107	20.106717687074827	20.161717687074816	115	120	118	118	82.65	118	118	118	118	82.7	0	0	1.01	0	0	0	0	44	44	0	0.05499999999998906	0	0	0	0.085	0	77.5	0	1	0	0	0	0.1700000000000017
20.277	20.27671768707483	20.331717687074818	99	106	103	103	80.33	103	103	103	103	80.3	0	0	-2.29	0	0	0	0	27	27	0	0.05499999999998906	0	0	0	0.115	0	74.3	0	1	0	0	0	0.1750000000000007
20.452	20.45171768707483	20.49671768707482	98	105	103	102	80.23	103	103	103	103	80.31	0	0	0.08	0	0	0	0	27	27	0	0.04499999999999105	0	0	0	0.12	0	70.3	0	1	0	0	0	0.15499999999999758
20.607	20.606717687074827	20.706717687074807	85	96	92	92	78.28	96	85	85	96	79.11	-1	-2.16	-1.12	0	-2.16	2.16	0	18	2	-16	0.0999999999999801	0	0	0	0.11	0	66.1	0	1	1	0	0.81	0.0999999999999801
21.517	21.516717687074827	21.60171768707481	109	117	116	115	82.28	116	116	116	116	82.4	0	0	5.48	0	0	0	0	41	41	0	0.08499999999998309	0	0	0	0.81	0	74.8	0	1	0	1	0	0.25500000000000256
21.772	21.77171768707483	21.846717687074815	101	120	109	110	81.44	109	109	109	109	81.3	0	0	-1	0	0	0	0	34	34	0	0.07499999999998508	0	0	0	0.17	0	71.1	0	1	0	0	0	0.17999999999999972
21.952	21.95171768707483	21.981717687074823	88	92	90	89	77.87	90	90	90	90	77.92	0	0	-3.3	0	0	0	0	10	10	0	0.02999999999999403	0	0	0	0.105	0	63.7	0	1	0	0	0	0.08999999999999986
22.042	22.04171768707483	22.09671768707482	79	85	81	81	76.16	81	81	81	81	76.24	0	0	-1.66	0	0	0	0	0	0	0	0.05499999999998906	0	0	0	0.06	0	62.9	0	1	1	0	0.752	0.05499999999998906
