rowLabel	nucl_t1	nucl_t2	f0_min	f0_max	f0_median	f0_mean	f0_meanST	f0_start	f0_end	lopitch	hipitch	hipitchST	dynamic	intrasyllab	intersyllab	up	down	trajectory	f0_discont	prnp_start	prnp_end	prnp_intra	nucl_dur	syll_dur	vowel_dur	rhyme_dur	gap_left	loudness	int_peak	hesitation	speaker_id	before_pause	after_pause	pause_dur	iso_dur
0.290	0.2904421768707451	0.36544217687074515	90	97	94	93	78.63	94	94	94	94	78.66	0	0	0	0	0	0	0	30	30	0	0.07500000000000007	0	0	0	0.2904	0	77.9	0	1	0	0	0	0.10499999999999998
0.395	0.39544217687074507	0.5104421768707451	78	91	88	87	77.35	91	78	78	91	78.26	-1	-2.83	-0.39	0	-2.83	2.83	0	25	5	-21	0.11500000000000005	0	0	0	0.03	0	77.7	0	1	0	0	0	0.21500000000000002
0.610	0.6104421768707451	0.6804421768707452	76	95	83	84	76.82	83	83	83	83	76.57	0	0	1.14	0	0	0	0	13	13	0	0.07000000000000006	0	0	0	0.1	0	74	0	1	0	0	0	0.1299999999999999
0.740	0.740442176870745	0.8554421768707451	79	107	85	87	77.49	82	107	82	107	80.96	1	5.1	-0.07	5.1	0	5.1	0	12	47	35	0.1150000000000001	0	0	0	0.06	0	69.9	0	1	1	0	0.625	0.1150000000000001
1.480	1.480442176870745	1.5504421768707435	98	106	104	103	80.3	104	104	104	104	80.43	0	0	-0.47	0	0	0	0	43	43	0	0.06999999999999851	0	0	0	0.625	0	78.3	0	1	0	1	0	0.10499999999999998
1.585	1.585442176870745	1.6504421768707436	82	92	89	87	77.51	89	89	89	89	77.75	0	0	-2.66	0	0	0	0	22	22	0	0.06499999999999861	0	0	0	0.035	0	77.2	0	1	0	0	0	0.15500000000000003
1.740	1.740442176870745	1.785442176870744	80	84	82	82	76.37	82	82	82	82	76.35	0	0	-1.36	0	0	0	0	12	12	0	0.04499999999999904	0	0	0	0.09	0	70.7	0	1	0	0	0	0.07000000000000006
1.810	1.810442176870745	1.9304421768707425	85	110	87	89	77.87	85	110	85	110	81.39	1	4.31	0.79	4.31	0	4.31	0	16	50	34	0.11999999999999744	0	0	0	0.025	0	71.2	0	1	1	0	0.535	0.11999999999999744
2.465	2.465442176870745	2.5504421768707433	103	112	104	106	80.89	104	104	104	104	80.57	0	0	-0.81	0	0	0	0	43	43	0	0.08499999999999819	0	0	0	0.535	0	79.1	0	1	0	1	0	0.17999999999999972
2.645	2.645442176870745	2.7454421768707427	84	111	101	100	79.73	111	84	84	111	81.59	-1	-4.7	1.18	0	-4.7	4.7	0	52	15	-37	0.09999999999999787	0	0	0	0.095	0	79.7	0	1	0	0	0	0.20999999999999996
2.855	2.8554421768707448	2.9054421768707437	78	88	85	84	76.74	85	85	85	85	77	0	0	0.3	0	0	0	0	16	16	0	0.049999999999998934	0	0	0	0.11	0	74.8	0	1	0	0	0	0.10500000000000043
2.960	2.960442176870745	3.0904421768707424	80	121	84	91	78.23	81	121	81	121	83.12	1	6.51	-0.74	6.51	0	6.51	0	10	63	53	0.12999999999999723	0	0	0	0.055	0	70.4	0	1	1	0	0.53	0.12999999999999723
3.620	3.620442176870745	3.7404421768707423	113	133	118	122	83.21	118	118	118	118	82.68	0	0	-0.34	0	0	0	0	60	60	0	0.11999999999999744	0	0	0	0.53	0	80.1	0	1	0	1	0	0.20500000000000007
3.825	3.825442176870745	3.875442176870744	147	159	156	155	87.32	156	156	156	156	87.46	0	0	4.87	0	0	0	0	97	97	0	0.049999999999998934	0	0	0	0.085	0	82	0	1	0	0	0	0.125
3.950	3.950442176870745	4.120442176870742	99	152	119	119	82.87	139	99	99	139	85.49	-1	-4.23	-1.93	0	-4.23	4.23	0	81	37	-45	0.16999999999999682	0	0	0	0.075	0	80.7	0	1	0	0	0	0.2750000000000008
4.225	4.225442176870746	4.260442176870745	95	102	96	97	79.28	96	96	96	96	79.04	0	0	-0.51	0	0	0	0	32	32	0	0.034999999999999254	0	0	0	0.105	0	77	0	1	0	0	0	0.04999999999999982
4.275	4.275442176870746	4.440442176870742	84	96	93	93	78.49	93	84	84	93	78.63	-1	-1.73	-0.39	0	-1.73	1.73	0	28	15	-14	0.16499999999999648	0	0	0	0.015	0	75.9	0	1	0	0	0	0.19500000000000028
4.470	4.470442176870746	4.555442176870744	92	96	94	94	78.75	94	94	94	94	78.72	0	0	2.01	0	0	0	0	30	30	0	0.08499999999999819	0	0	0	0.03	0	75.6	0	1	0	0	0	0.17999999999999972
4.650	4.650442176870746	4.710442176870744	84	103	100	97	79.31	102	84	84	102	80.17	-1	-3.38	1.51	0	-3.38	3.38	0	40	15	-26	0.05999999999999872	0	0	0	0.095	0	77.5	0	1	1	0	0.505	0.05999999999999872
5.215	5.215442176870745	5.260442176870744	116	116	116	116	82.35	116	116	116	116	82.33	0	0	5.62	0	0	0	0	57	57	0	0.04499999999999904	0	0	0	0.505	0	80.4	0	1	0	1	0	0.0600000000000005
5.275	5.275442176870746	5.335442176870744	96	121	117	114	82.14	117	117	117	117	82.59	0	0	0.29	0	0	0	0	59	59	0	0.05999999999999872	0	0	0	0.015	0	80.7	0	1	0	0	0	0.08999999999999986
5.365	5.365442176870745	5.390442176870745	118	119	119	119	82.78	119	119	119	119	82.78	0	0	0.33	0	0	0	0	61	61	0	0.024999999999999467	0	0	0	0.03	0	57.2	0	1	0	0	0	0.09999999999999964
5.465	5.465442176870745	5.520442176870744	103	112	112	111	81.54	112	112	112	112	81.74	0	0	-1	0	0	0	0	53	53	0	0.05499999999999883	0	0	0	0.075	0	79.1	0	1	0	0	0	0.13000000000000078
5.595	5.595442176870746	5.635442176870745	136	158	152	149	86.7	152	152	152	152	86.99	0	0	5.31	0	0	0	0	93	93	0	0.03999999999999915	0	0	0	0.075	0	81.1	0	1	0	0	0	0.17499999999999982
5.770	5.770442176870746	5.835442176870744	124	150	129	131	84.49	129	129	129	129	84.17	0	0	-2.8	0	0	0	0	72	72	0	0.06499999999999861	0	0	0	0.135	0	78.9	0	1	0	0	0	0.16999999999999993
5.940	5.940442176870746	5.995442176870744	103	130	117	115	82.26	117	117	117	117	82.45	0	0	-1.68	0	0	0	0	59	59	0	0.05499999999999883	0	0	0	0.105	0	79.8	0	1	0	0	0	0.09999999999999964
6.040	6.040442176870745	6.085442176870744	87	97	91	92	78.33	91	91	91	91	78.11	0	0	-4.33	0	0	0	0	25	25	0	0.04499999999999904	0	0	0	0.045	0	76	0	1	0	0	0	0.13500000000000068
6.175	6.175442176870746	6.260442176870744	94	113	100	102	80.1	100	100	100	100	79.86	0	0	1.76	0	0	0	0	38	38	0	0.08499999999999819	0	0	0	0.09	0	76	0	1	0	0	0	0.21999999999999975
6.395	6.395442176870746	6.440442176870745	91	104	99	97	79.24	99	99	99	99	79.62	0	0	-0.1	0	0	0	0	37	37	0	0.04499999999999904	0	0	0	0.135	0	76.6	0	1	0	0	0	0.05999999999999961
6.455	6.455442176870745	6.500442176870744	86	90	87	87	77.45	87	87	87	87	77.42	0	0	-2.13	0	0	0	0	19	19	0	0.04499999999999904	0	0	0	0.015	0	74.4	0	1	0	0	0	0.1299999999999999
6.585	6.585442176870745	6.630442176870744	87	97	93	92	78.41	93	93	93	93	78.51	0	0	1.2	0	0	0	0	28	28	0	0.04499999999999904	0	0	0	0.085	0	76.8	0	1	0	0	0	0.07000000000000028
6.655	6.6554421768707455	6.715442176870744	83	92	91	90	78.06	91	91	91	91	78.24	0	0	-0.23	0	0	0	0	25	25	0	0.05999999999999872	0	0	0	0.025	0	74.9	0	1	1	0	0.555	0.05999999999999872
7.270	7.270442176870746	7.3704421768707435	105	113	108	109	81.31	108	108	108	108	81.18	0	0	3.09	0	0	0	0	48	48	0	0.09999999999999787	0	0	0	0.555	0	80.8	0	1	0	1	0	0.125
7.395	7.395442176870746	7.535442176870743	82	109	98	97	79.36	109	82	82	109	81.28	-1	-4.84	0.22	0	-4.84	4.84	0	49	12	-38	0.13999999999999702	0	0	0	0.025	0	80.2	0	1	0	0	0	0.25
7.645	7.645442176870746	7.7454421768707435	74	77	76	76	75.1	76	76	76	76	75.09	0	0	-1.2	0	0	0	0	2	2	0	0.09999999999999787	0	0	0	0.11	0	74.8	0	1	0	0	0	0.16500000000000004
7.810	7.810442176870746	7.8654421768707445	79	86	83	83	76.51	83	83	83	83	76.52	0	0	1.55	0	0	0	0	13	13	0	0.05499999999999883	0	0	0	0.065	0	70.7	0	1	0	0	0	0.07500000000000018
7.885	7.885442176870746	7.920442176870745	78	87	84	84	76.76	84	84	84	84	76.73	0	0	0.23	0	0	0	0	15	15	0	0.034999999999999254	0	0	0	0.02	0	68.2	0	1	0	0	0	0.10999999999999943
7.995	7.995442176870745	8.015442176870748	86	90	89	88	77.65	89	89	89	89	77.89	0	0	1.18	0	0	0	0	22	22	0	0.020000000000002238	0	0	0	0.075	0	71.3	0	1	1	0	1.1	0.020000000000002238
9.115	9.115442176870745	9.175442176870755	140	145	144	144	86.04	144	144	144	144	86.08	0	0	8.37	0	0	0	0	86	86	0	0.06000000000000938	0	0	0	1.1	0	81.2	0	1	0	1	0	0.08999999999999986
9.205	9.205442176870745	9.24044217687075	129	134	134	133	84.74	134	134	134	134	84.86	0	0	-1.18	0	0	0	0	77	77	0	0.03500000000000547	0	0	0	0.03	0	81.1	0	1	0	0	0	0.2550000000000008
9.460	9.460442176870746	9.530442176870757	146	155	154	153	87.13	154	154	154	154	87.27	0	0	2.48	0	0	0	0	95	95	0	0.07000000000001094	0	0	0	0.22	0	80.9	0	1	0	0	0	0.15000000000000036
9.610	9.610442176870746	9.660442176870754	152	161	158	158	87.72	158	158	158	158	87.73	0	0	0.52	0	0	0	0	98	98	0	0.050000000000007816	0	0	0	0.08	0	82.5	0	1	0	0	0	0.10499999999999865
9.715	9.715442176870745	9.775442176870754	102	132	118	117	82.58	118	118	118	118	82.61	0	0	-5.03	0	0	0	0	60	60	0	0.06000000000000938	0	0	0	0.055	0	77.8	0	1	0	0	0	0.16000000000000014
9.875	9.875442176870745	9.980442176870762	77	113	106	104	80.54	113	79	79	113	81.87	-1	-6.15	-0.72	0	-6.15	6.15	0	54	7	-48	0.10500000000001641	0	0	0	0.1	0	79	0	1	0	0	0	0.28500000000000014
10.160	10.160442176870745	10.265442176870762	91	118	97	100	79.8	118	91	91	118	82.71	-1	-4.53	7.07	0	-4.53	4.53	0	60	25	-35	0.10500000000001641	0	0	0	0.18	0	78.4	0	1	0	0	0	0.20000000000000107
10.360	10.360442176870746	10.455442176870761	76	108	93	92	78.3	107	76	76	107	80.99	-1	-5.98	2.9	0	-5.98	5.98	0	47	2	-46	0.09500000000001485	0	0	0	0.095	0	77.3	0	1	1	0	0.59	0.09500000000001485
11.045	11.045442176870745	11.105442176870755	123	140	128	130	84.38	128	128	128	128	84.1	0	0	9.12	0	0	0	0	70	70	0	0.06000000000000938	0	0	0	0.59	0	80.3	0	1	0	1	0	0.1750000000000007
11.220	11.220442176870746	11.335442176870764	154	168	156	157	87.62	156	156	156	156	87.49	0	0	3.49	0	0	0	0	97	97	0	0.11500000000001798	0	0	0	0.115	0	80.8	0	1	0	0	0	0.15000000000000036
11.370	11.370442176870746	11.430442176870756	144	152	147	148	86.6	147	147	147	147	86.51	0	0	-0.92	0	0	0	0	89	89	0	0.06000000000000938	0	0	0	0.035	0	81.1	0	1	0	0	0	0.09499999999999886
11.465	11.465442176870745	11.49544217687075	112	125	120	120	83	120	120	120	120	82.93	0	0	-3.47	0	0	0	0	62	62	0	0.03000000000000469	0	0	0	0.035	0	76.5	0	1	0	0	0	0.10500000000000043
11.570	11.570442176870745	11.615442176870753	100	104	101	102	80.09	101	101	101	101	79.93	0	0	-2.96	0	0	0	0	39	39	0	0.045000000000007034	0	0	0	0.075	0	78.2	0	1	0	0	0	0.08000000000000007
11.650	11.650442176870746	11.700442176870753	106	109	107	107	81.02	107	107	107	107	81.01	0	0	1.11	0	0	0	0	47	47	0	0.050000000000007816	0	0	0	0.035	0	79.9	0	1	0	0	0	0.08500000000000085
11.735	11.735442176870746	11.805442176870757	109	117	116	114	82.11	116	116	116	116	82.33	0	0	1.43	0	0	0	0	57	57	0	0.07000000000001094	0	0	0	0.035	0	79.2	0	1	0	0	0	0.11499999999999844
11.850	11.850442176870745	11.955442176870761	95	102	95	97	79.25	95	95	95	95	78.99	0	0	-3.31	0	0	0	0	31	31	0	0.10500000000001641	0	0	0	0.045	0	77.8	0	1	0	0	0	0.13500000000000156
11.985	11.985442176870746	12.090442176870763	101	105	104	104	80.43	104	104	104	104	80.44	0	0	1.6	0	0	0	0	43	43	0	0.10500000000001641	0	0	0	0.03	0	78.8	0	1	0	0	0	0.18499999999999872
12.170	12.170442176870745	12.220442176870753	92	104	98	98	79.48	98	98	98	98	79.48	0	0	-0.92	0	0	0	0	35	35	0	0.050000000000007816	0	0	0	0.08	0	78.7	0	1	0	0	0	0.11000000000000121
12.280	12.280442176870746	12.330442176870754	85	98	93	92	78.45	93	93	93	93	78.49	0	0	-0.89	0	0	0	0	28	28	0	0.050000000000007816	0	0	0	0.06	0	77.6	0	1	0	0	0	0.07499999999999929
12.355	12.355442176870746	12.390442176870751	85	89	87	87	77.38	87	87	87	87	77.36	0	0	-1.11	0	0	0	0	19	19	0	0.03500000000000547	0	0	0	0.025	0	77	0	1	0	0	0	0.08500000000000085
12.440	12.440442176870746	12.475442176870752	89	90	90	90	77.98	90	90	90	90	77.99	0	0	0.68	0	0	0	0	24	24	0	0.03500000000000547	0	0	0	0.05	0	74.9	0	1	0	0	0	0.08999999999999986
12.530	12.530442176870746	12.55544217687075	86	93	87	89	77.87	87	87	87	87	77.32	0	0	-0.58	0	0	0	0	19	19	0	0.025000000000003908	0	0	0	0.055	0	73.4	0	1	0	0	0	0.09499999999999886
12.625	12.625442176870745	12.72044217687076	78	90	82	82	76.47	90	78	78	90	77.91	-1	-2.47	0.59	0	-2.47	2.47	0	24	5	-19	0.09500000000001485	0	0	0	0.07	0	74.3	0	1	1	0	0.445	0.09500000000001485
13.165	13.165442176870746	13.265442176870762	93	110	109	106	80.88	109	109	109	109	81.31	0	0	5.89	0	0	0	0	49	49	0	0.10000000000001563	0	0	0	0.445	0	78.5	0	1	0	1	0	0.19500000000000028
13.360	13.360442176870746	13.430442176870757	89	96	93	93	78.61	93	93	93	93	78.6	0	0	-2.62	0	0	0	0	28	28	0	0.07000000000001094	0	0	0	0.095	0	77.5	0	1	0	0	0	0.09999999999999964
13.460	13.460442176870746	13.505442176870753	104	108	108	107	81	108	108	108	108	81.06	0	0	2.59	0	0	0	0	48	48	0	0.045000000000007034	0	0	0	0.03	0	78.1	0	1	0	0	0	0.16000000000000014
13.620	13.620442176870746	13.680442176870756	101	114	107	108	81.15	107	107	107	107	80.98	0	0	-0.08	0	0	0	0	47	47	0	0.06000000000000938	0	0	0	0.115	0	78.4	0	1	0	0	0	0.10499999999999865
13.725	13.725442176870745	13.780442176870753	86	98	90	91	78.22	90	90	90	90	78.08	0	0	-2.82	0	0	0	0	24	24	0	0.0550000000000086	0	0	0	0.045	0	76.2	0	1	0	0	0	0.15500000000000114
13.880	13.880442176870746	13.940442176870755	80	84	82	82	76.38	82	82	82	82	76.46	0	0	-1.44	0	0	0	0	12	12	0	0.06000000000000938	0	0	0	0.1	0	71	0	1	1	0	0.44	0.06000000000000938
14.380	14.380442176870746	14.440442176870755	104	118	105	109	81.24	105	105	105	105	80.71	0	0	4.42	0	0	0	0	44	44	0	0.06000000000000938	0	0	0	0.44	0	79	0	1	0	1	0	0.15499999999999936
14.535	14.535442176870745	14.575442176870752	99	116	113	111	81.56	113	113	113	113	81.91	0	0	1.34	0	0	0	0	54	54	0	0.04000000000000625	0	0	0	0.095	0	78.8	0	1	0	0	0	0.09999999999999964
14.635	14.635442176870745	14.660442176870749	88	105	104	99	79.71	104	104	104	104	80.41	0	0	-1.43	0	0	0	0	43	43	0	0.025000000000003908	0	0	0	0.06	0	77	0	1	0	0	0	0.16000000000000014
14.795	14.795442176870745	14.840442176870752	94	105	100	100	79.78	100	100	100	100	79.74	0	0	-0.66	0	0	0	0	38	38	0	0.045000000000007034	0	0	0	0.135	0	76.6	0	1	0	0	0	0.08000000000000007
14.875	14.875442176870745	14.960442176870759	100	102	101	101	79.95	101	101	101	101	79.97	0	0	0.24	0	0	0	0	39	39	0	0.08500000000001329	0	0	0	0.035	0	76.8	0	1	0	0	0	0.11000000000000121
14.985	14.985442176870746	15.050442176870757	105	107	106	106	80.79	106	106	106	106	80.84	0	0	0.94	0	0	0	0	46	46	0	0.06500000000001016	0	0	0	0.025	0	76.1	0	1	0	0	0	0.10499999999999865
15.090	15.090442176870745	15.205442176870763	131	199	168	167	88.67	131	199	131	199	91.67	1	7.15	3.78	7.15	0	7.15	0	74	100	55	0.11500000000001798	0	0	0	0.04	0	77.6	0	1	1	0	0.685	0.11500000000001798
15.890	15.890442176870746	15.965442176870758	118	138	129	130	84.33	129	129	129	129	84.16	0	0	-7.48	0	0	0	0	72	72	0	0.07500000000001172	0	0	0	0.685	0	81.3	0	1	0	1	0	0.10999999999999943
16.000	16.000442176870745	16.03544217687074	152	154	154	154	87.26	154	154	154	154	87.27	0	0	3.14	0	0	0	0	95	95	0	0.03499999999999304	0	0	0	0.035	0	81.9	0	1	0	0	0	0.07499999999999929
16.075	16.075442176870745	16.15544217687073	103	161	150	142	85.92	161	103	103	161	88.05	-1	-7.67	0.85	0	-7.67	7.67	0	100	42	-60	0.07999999999998408	0	0	0	0.04	0	81.4	0	1	0	0	0	0.21000000000000085
16.285	16.285442176870745	16.350442176870732	95	105	101	101	79.9	101	101	101	101	79.99	0	0	-0.24	0	0	0	0	39	39	0	0.06499999999998707	0	0	0	0.13	0	77.8	0	1	0	0	0	0.11500000000000199
16.400	16.400442176870747	16.43044217687074	133	135	134	134	84.9	134	134	134	134	84.92	0	0	5.02	0	0	0	0	77	77	0	0.02999999999999403	0	0	0	0.05	0	79.2	0	1	0	0	0	0.21999999999999176
16.620	16.62044217687074	16.66044217687073	96	114	102	101	79.99	102	102	102	102	80.13	0	0	-4.67	0	0	0	0	40	40	0	0.03999999999999204	0	0	0	0.19	0	77.2	0	1	0	0	0	0.0750000000000064
16.695	16.695442176870745	16.735442176870738	82	92	84	85	77.01	84	84	84	84	76.91	0	0	-3.16	0	0	0	0	15	15	0	0.03999999999999204	0	0	0	0.035	0	75.9	0	1	0	0	0	0.14000000000000057
16.835	16.835442176870746	16.925442176870728	90	104	92	94	78.82	92	92	92	92	78.33	0	0	1.62	0	0	0	0	27	27	0	0.0899999999999821	0	0	0	0.1	0	76.9	0	1	0	0	0	0.11499999999999844
16.950	16.950442176870745	17.01544217687073	97	102	101	101	79.92	101	101	101	101	80.01	0	0	1.73	0	0	0	0	39	39	0	0.06499999999998707	0	0	0	0.025	0	77.2	0	1	0	0	0	0.08500000000000085
17.035	17.035442176870745	17.100442176870732	88	96	94	93	78.64	94	94	94	94	78.79	0	0	-1.1	0	0	0	0	30	30	0	0.06499999999998707	0	0	0	0.02	0	75.1	0	1	0	0	0	0.14000000000000057
17.175	17.175442176870746	17.240442176870733	106	113	111	111	81.55	111	111	111	111	81.56	0	0	2.91	0	0	0	0	52	52	0	0.06499999999998707	0	0	0	0.075	0	77.8	0	1	0	0	0	0.17999999999999972
17.355	17.355442176870746	17.420442176870733	86	88	87	87	77.4	87	87	87	87	77.37	0	0	-4.16	0	0	0	0	19	19	0	0.06499999999998707	0	0	0	0.115	0	77.4	0	1	0	0	0	0.08999999999999986
17.445	17.445442176870745	17.47044217687074	85	87	87	86	77.29	87	87	87	87	77.33	0	0	0.01	0	0	0	0	19	19	0	0.024999999999995026	0	0	0	0.025	0	72.3	0	1	0	0	0	0.11500000000000199
17.560	17.560442176870747	17.625442176870735	75	88	82	82	76.38	82	82	82	82	76.42	0	0	-0.89	0	0	0	0	12	12	0	0.06499999999998707	0	0	0	0.09	0	75.1	0	1	0	0	0	0.11999999999999744
17.680	17.680442176870745	17.715442176870738	75	94	87	87	77.48	87	87	87	87	77.49	0	0	1.2	0	0	0	0	19	19	0	0.03499999999999304	0	0	0	0.055	0	73.7	0	1	0	0	0	0.08999999999999986
17.770	17.770442176870745	17.85044217687073	76	80	79	78	75.58	79	79	79	79	75.66	0	0	-1.66	0	0	0	0	7	7	0	0.07999999999998408	0	0	0	0.055	0	71.9	0	1	0	0	0	0.120000000000001
17.890	17.890442176870746	17.92544217687074	84	88	86	87	77.34	86	86	86	86	77.3	0	0	1.65	0	0	0	0	18	18	0	0.03499999999999304	0	0	0	0.04	0	69.9	0	1	1	0	1.21	0.03499999999999304
19.135	19.135442176870747	19.185442176870737	89	126	101	102	80.18	101	101	101	101	80.05	0	0	2.93	0	0	0	0	39	39	0	0.04999999999999005	0	0	0	1.21	0	70.3	0	1	0	1	0	0.16000000000000014
19.295	19.295442176870747	19.38044217687073	141	149	143	144	86.08	143	143	143	143	85.96	0	0	6.07	0	0	0	0	85	85	0	0.08499999999998309	0	0	0	0.11	0	81.3	0	1	0	0	0	0.10999999999999943
19.405	19.405442176870746	19.475442176870732	153	172	170	168	88.76	170	170	170	170	88.95	0	0	3.03	0	0	0	0	100	100	0	0.06999999999998607	0	0	0	0.025	0	81.6	0	1	0	0	0	0.21000000000000085
19.615	19.615442176870747	19.65044217687074	141	147	144	143	86.03	144	144	144	144	86.04	0	0	-2.87	0	0	0	0	86	86	0	0.03499999999999304	0	0	0	0.14	0	80.3	0	1	0	0	0	0.05999999999999872
19.675	19.675442176870746	19.71044217687074	116	124	124	122	83.3	124	124	124	124	83.49	0	0	-2.55	0	0	0	0	66	66	0	0.03499999999999304	0	0	0	0.025	0	79.2	0	1	0	0	0	0.10500000000000043
19.780	19.780442176870746	19.82044217687074	97	119	109	108	81.1	109	109	109	109	81.3	0	0	-2.15	0	0	0	0	49	49	0	0.03999999999999204	0	0	0	0.07	0	79.5	0	1	0	0	0	0.11499999999999844
19.895	19.895442176870745	19.930442176870738	101	104	101	102	80.1	101	101	101	101	80.02	0	0	-1.2	0	0	0	0	39	39	0	0.03499999999999304	0	0	0	0.075	0	80.2	0	1	0	0	0	0.2900000000000027
20.185	20.185442176870747	20.310442176870723	120	159	137	140	85.61	120	158	120	158	87.68	1	4.77	3.01	4.77	0	4.77	0	62	98	36	0.12499999999997513	0	0	0	0.255	0	76.6	0	1	1	0	0.665	0.12499999999997513
20.975	20.975442176870747	21.020442176870738	114	117	116	116	82.35	116	116	116	116	82.33	0	0	-5.32	0	0	0	0	57	57	0	0.04499999999999105	0	0	0	0.665	0	79.5	0	1	0	1	0	0.07499999999999929
21.050	21.050442176870746	21.105442176870735	132	145	143	142	85.85	143	143	143	143	86.02	0	0	3.72	0	0	0	0	85	85	0	0.05499999999998906	0	0	0	0.03	0	81.4	0	1	0	0	0	0.134999999999998
21.185	21.185442176870744	21.215442176870738	103	138	132	129	84.22	132	132	132	132	84.61	0	0	-1.31	0	0	0	0	75	75	0	0.02999999999999403	0	0	0	0.08	0	80	0	1	0	0	0	0.1700000000000017
21.355	21.355442176870746	21.405442176870736	97	115	106	106	80.89	106	106	106	106	80.86	0	0	-3.67	0	0	0	0	46	46	0	0.04999999999999005	0	0	0	0.14	0	79	0	1	0	0	0	0.39000000000000057
21.745	21.745442176870746	21.82544217687073	81	101	94	92	78.38	101	81	81	101	79.92	-1	-3.69	-0.82	0	-3.69	3.69	0	39	10	-30	0.07999999999998408	0	0	0	0.34	0	78	0	1	1	0	0.88	0.07999999999998408
22.705	22.705442176870747	22.73544217687074	119	125	119	121	83.03	119	119	119	119	82.84	0	0	6.76	0	0	0	0	61	61	0	0.02999999999999403	0	0	0	0.88	0	80.8	0	1	0	1	0	0.05999999999999872
22.765	22.765442176870746	22.85044217687073	111	129	124	124	83.45	124	124	124	124	83.5	0	0	0.76	0	0	0	0	66	66	0	0.08499999999998309	0	0	0	0.03	0	79.5	0	1	0	0	0	0.2049999999999983
22.970	22.970442176870744	22.99044217687074	91	92	91	91	78.25	91	91	91	91	78.27	0	0	-5.18	0	0	0	0	25	25	0	0.01999999999999602	0	0	0	0.12	0	76.4	0	1	0	0	0	0.07000000000000028
23.040	23.040442176870744	23.095442176870733	106	116	113	112	81.79	113	113	113	113	81.86	0	0	3.77	0	0	0	0	54	54	0	0.05499999999998906	0	0	0	0.05	0	78.4	0	1	0	0	0	0.16000000000000014
23.200	23.200442176870745	23.235442176870738	138	158	150	150	86.81	150	150	150	150	86.81	0	0	4.97	0	0	0	0	91	91	0	0.03499999999999304	0	0	0	0.105	0	81.7	0	1	0	0	0	0.14499999999999957
23.345	23.345442176870744	23.375442176870738	135	145	144	141	85.72	144	144	144	144	86.07	0	0	-0.67	0	0	0	0	86	86	0	0.02999999999999403	0	0	0	0.11	0	81	0	1	0	0	0	0.16000000000000014
23.505	23.505442176870744	23.555442176870734	98	113	107	106	80.89	107	107	107	107	80.94	0	0	-5.1	0	0	0	0	47	47	0	0.04999999999999005	0	0	0	0.13	0	77.4	0	1	0	0	0	0.125
23.630	23.630442176870744	23.70044217687073	96	106	102	101	80.04	102	102	102	102	80.16	0	0	-0.74	0	0	0	0	40	40	0	0.06999999999998607	0	0	0	0.075	0	77.8	0	1	0	0	0	0.09500000000000242
23.725	23.725442176870747	23.785442176870735	90	99	96	95	78.95	96	96	96	96	79.1	0	0	-0.97	0	0	0	0	32	32	0	0.05999999999998806	0	0	0	0.025	0	77.4	0	1	0	0	0	0.10500000000000043
23.830	23.830442176870747	23.86544217687074	85	90	87	87	77.38	87	87	87	87	77.38	0	0	-1.64	0	0	0	0	19	19	0	0.03499999999999304	0	0	0	0.045	0	76.2	0	1	0	0	0	0.18999999999999773
24.020	24.020442176870745	24.160442176870717	97	105	102	102	80.2	102	102	102	102	80.22	0	0	2.91	0	0	0	0	40	40	0	0.13999999999997215	0	0	0	0.155	0	78.7	0	1	0	0	0	0.19000000000000128
24.210	24.210442176870746	24.280442176870732	73	90	84	83	76.58	84	84	84	84	76.88	0	0	-3.19	0	0	0	0	15	15	0	0.06999999999998607	0	0	0	0.05	0	73.9	0	1	0	0	0	0.11999999999999744
24.330	24.330442176870744	24.35544217687074	88	96	93	92	78.39	93	93	93	93	78.59	0	0	1.88	0	0	0	0	28	28	0	0.024999999999995026	0	0	0	0.05	0	61.7	0	1	0	0	0	0.2950000000000017
24.625	24.625442176870745	24.715442176870727	97	107	104	103	80.38	104	104	104	104	80.45	0	0	1.98	0	0	0	0	43	43	0	0.0899999999999821	0	0	0	0.27	0	78.1	0	1	0	0	0	0.13500000000000156
24.760	24.760442176870747	24.79044217687074	93	101	99	98	79.5	99	99	99	99	79.64	0	0	-0.77	0	0	0	0	37	37	0	0.02999999999999403	0	0	0	0.045	0	77.9	0	1	0	0	0	0.06499999999999773
24.825	24.825442176870745	24.875442176870735	81	92	87	86	77.22	87	87	87	87	77.44	0	0	-2.11	0	0	0	0	19	19	0	0.04999999999999005	0	0	0	0.035	0	74.8	0	1	0	0	0	0.1700000000000017
24.995	24.995442176870746	25.02544217687074	80	83	83	82	76.35	83	83	83	83	76.56	0	0	-0.75	0	0	0	0	13	13	0	0.02999999999999403	0	0	0	0.12	0	72.8	0	1	0	0	0	0.16000000000000014
25.155	25.155442176870746	25.18044217687074	102	103	103	103	80.37	103	103	103	103	80.39	0	0	3.89	0	0	0	0	42	42	0	0.024999999999995026	0	0	0	0.13	0	73.6	0	1	0	0	0	0.19000000000000128
25.345	25.345442176870748	25.395442176870738	72	94	75	81	76.11	75	75	75	75	74.92	0	0	-5.32	0	0	0	0	0	0	0	0.04999999999999005	0	0	0	0.165	0	72.6	0	1	1	0	1	0.04999999999999005
26.395	26.395442176870745	26.505442176870723	118	137	134	133	84.7	134	134	134	134	84.81	0	0	10.07	0	0	0	0	77	77	0	0.10999999999997812	0	0	0	1	0	80.7	0	1	0	1	0	0.21499999999999986
26.610	26.610442176870745	26.670442176870733	119	126	121	122	83.2	121	121	121	121	83.06	0	0	-1.73	0	0	0	0	63	63	0	0.05999999999998806	0	0	0	0.105	0	79.6	0	1	0	0	0	0.08500000000000085
26.695	26.695442176870745	26.735442176870738	139	141	140	140	85.64	140	140	140	140	85.64	0	0	2.61	0	0	0	0	82	82	0	0.03999999999999204	0	0	0	0.025	0	81.1	0	1	0	0	0	0.14000000000000057
26.835	26.835442176870746	26.885442176870736	139	151	149	147	86.47	149	149	149	149	86.73	0	0	1.18	0	0	0	0	91	91	0	0.04999999999999005	0	0	0	0.1	0	80.4	0	1	0	0	0	0.22500000000000142
27.060	27.060442176870747	27.165442176870727	121	137	134	132	84.65	134	134	134	134	84.87	0	0	-1.76	0	0	0	0	77	77	0	0.10499999999997911	0	0	0	0.175	0	81.4	0	1	0	0	0	0.1999999999999993
27.260	27.260442176870747	27.34044217687073	97	105	101	101	80.02	101	101	101	101	79.9	0	0	-4.89	0	0	0	0	39	39	0	0.07999999999998408	0	0	0	0.095	0	79.3	0	1	0	0	0	0.10999999999999943
27.370	27.370442176870746	27.415442176870737	101	113	112	109	81.36	112	112	112	112	81.7	0	0	1.8	0	0	0	0	53	53	0	0.04499999999999105	0	0	0	0.03	0	80.5	0	1	0	0	0	0.125
27.495	27.495442176870746	27.550442176870735	93	106	102	101	79.95	102	102	102	102	80.13	0	0	-1.56	0	0	0	0	40	40	0	0.05499999999998906	0	0	0	0.08	0	80.7	0	1	0	0	0	0.08500000000000085
27.580	27.580442176870747	27.700442176870723	75	99	87	86	77.15	99	75	75	99	79.63	-1	-4.86	-0.44	0	-4.86	4.86	0	37	0	-37	0.11999999999997613	0	0	0	0.03	0	77.1	0	1	1	0	0.465	0.11999999999997613
28.165	28.165442176870744	28.29044217687072	94	99	96	96	79.08	96	96	96	96	79.02	0	0	4.28	0	0	0	0	32	32	0	0.12499999999997513	0	0	0	0.465	0	78.6	0	1	0	1	0	0.23000000000000043
28.395	28.395442176870745	28.460442176870732	89	112	106	102	80.23	106	106	106	106	80.75	0	0	1.73	0	0	0	0	46	46	0	0.06499999999998707	0	0	0	0.105	0	77.3	0	1	0	0	0	0.1700000000000017
28.565	28.565442176870746	28.64544217687073	80	86	83	82	76.45	83	83	83	83	76.51	0	0	-4.22	0	0	0	0	13	13	0	0.07999999999998408	0	0	0	0.105	0	70.7	0	1	0	0	0	0.09499999999999886
28.660	28.660442176870745	28.700442176870737	75	88	88	86	77.12	88	88	88	88	77.61	0	0	1.11	0	0	0	0	21	21	0	0.03999999999999204	0	0	0	0.015	0	71.2	0	1	0	0	0	0.08999999999999986
28.750	28.750442176870745	28.840442176870727	80	91	81	83	76.56	81	81	81	81	76.17	0	0	-1.35	0	0	0	0	10	10	0	0.0899999999999821	0	0	0	0.05	0	74	0	1	0	0	0	0.16499999999999915
28.915	28.915442176870744	28.965442176870734	70	85	80	79	75.81	80	80	80	80	76	0	0	-0.08	0	0	0	0	8	8	0	0.04999999999999005	0	0	0	0.075	0	70.3	0	1	0	0	0	0.08999999999999986
29.005	29.005442176870744	29.040442176870737	84	87	86	86	77.13	86	86	86	86	77.25	0	0	1.39	0	0	0	0	18	18	0	0.03499999999999304	0	0	0	0.04	0	70	0	1	1	0	0.775	0.03499999999999304
29.815	29.815442176870746	29.90544217687073	90	99	94	95	78.84	94	94	94	94	78.76	0	0	1.64	0	0	0	0	30	30	0	0.0899999999999821	0	0	0	0.775	0	78.2	0	1	0	1	0	0.10500000000000043
29.920	29.920442176870747	29.980442176870735	88	92	92	91	78.22	92	92	92	92	78.38	0	0	-0.27	0	0	0	0	27	27	0	0.05999999999998806	0	0	0	0.015	0	75.6	0	1	0	0	0	0.134999999999998
30.055	30.055442176870745	30.110442176870734	80	91	83	84	76.8	83	83	83	83	76.64	0	0	-1.64	0	0	0	0	13	13	0	0.05499999999998906	0	0	0	0.075	0	74.4	0	1	0	0	0	0.08500000000000085
30.140	30.140442176870746	30.21544217687073	116	242	152	172	89.2	116	242	116	242	95.09	1	12.75	5.84	12.75	0	12.75	0	57	100	97	0.07499999999998508	0	0	0	0.03	0	73.5	0	1	1	0	0.625	0.07499999999998508
30.840	30.840442176870745	30.900442176870733	109	114	111	111	81.65	111	111	111	111	81.62	0	0	-13.4	0	0	0	0	52	52	0	0.05999999999998806	0	0	0	0.625	0	78	0	1	0	1	0	0.08500000000000085
30.925	30.925442176870746	30.980442176870735	93	113	110	107	81.06	110	110	110	110	81.52	0	0	-0.01	0	0	0	0	50	50	0	0.05499999999998906	0	0	0	0.025	0	79.7	0	1	0	0	0	0.1999999999999993
31.125	31.125442176870745	31.220442176870726	123	144	136	135	85.05	136	136	136	136	85.14	0	0	3.77	0	0	0	0	79	79	0	0.0949999999999811	0	0	0	0.145	0	78.8	0	1	0	0	0	0.23000000000000043
31.355	31.355442176870746	31.43044217687073	104	135	121	119	82.86	121	121	121	121	83.04	0	0	-2.01	0	0	0	0	63	63	0	0.07499999999998508	0	0	0	0.135	0	78.6	0	1	0	0	0	0.125
31.480	31.480442176870746	31.545442176870733	91	99	96	96	79.03	96	96	96	96	79.07	0	0	-3.95	0	0	0	0	32	32	0	0.06499999999998707	0	0	0	0.05	0	76	0	1	0	0	0	0.14499999999999957
31.625	31.625442176870745	31.735442176870723	90	102	97	98	79.41	97	97	97	97	79.38	0	0	0.36	0	0	0	0	34	34	0	0.10999999999997812	0	0	0	0.08	0	78.7	0	1	0	0	0	0.28500000000000014
31.910	31.910442176870745	31.955442176870736	95	102	98	98	79.46	98	98	98	98	79.5	0	0	0.3	0	0	0	0	35	35	0	0.04499999999999105	0	0	0	0.175	0	75.9	0	1	0	0	0	0.11500000000000199
32.025	32.02544217687075	32.07044217687077	87	104	100	98	79.54	100	100	100	100	79.9	0	0	0.52	0	0	0	0	38	38	0	0.04500000000002302	0	0	0	0.07	0	77.5	0	1	0	0	0	0.1700000000000017
32.195	32.19544217687075	32.225442176870764	89	107	92	95	78.99	92	92	92	92	78.42	0	0	-1.31	0	0	0	0	27	27	0	0.030000000000015348	0	0	0	0.125	0	74.4	0	1	0	0	0	0.11999999999999744
32.315	32.31544217687075	32.36544217687077	92	100	99	98	79.52	99	99	99	99	79.64	0	0	1.36	0	0	0	0	37	37	0	0.05000000000002558	0	0	0	0.09	0	75.4	0	1	0	0	0	0.18500000000000227
32.500	32.50044217687075	32.56544217687078	86	105	93	95	78.91	93	93	93	93	78.53	0	0	-1.02	0	0	0	0	28	28	0	0.06500000000003325	0	0	0	0.135	0	76.8	0	1	0	0	0	0.134999999999998
32.635	32.63544217687075	32.68044217687077	94	104	98	99	79.69	98	98	98	98	79.45	0	0	0.98	0	0	0	0	35	35	0	0.04500000000002302	0	0	0	0.07	0	77.9	0	1	0	0	0	0.13000000000000256
32.765	32.76544217687075	32.80044217687077	89	103	91	93	78.54	91	91	91	91	78.15	0	0	-1.22	0	0	0	0	25	25	0	0.035000000000017906	0	0	0	0.085	0	73.8	0	1	0	0	0	0.11999999999999744
32.885	32.88544217687075	32.97544217687079	78	105	89	90	78.02	105	78	78	105	80.68	-1	-5.14	2.58	0	-5.14	5.14	0	44	5	-40	0.09000000000004604	0	0	0	0.085	0	76.9	0	1	1	0	0.38	0.09000000000004604
33.355	33.355442176870746	33.40544217687077	93	98	97	96	79.19	97	97	97	97	79.21	0	0	3.79	0	0	0	0	34	34	0	0.05000000000002558	0	0	0	0.38	0	78.4	0	1	0	1	0	0.125
33.480	33.480442176870746	33.555442176870784	88	97	90	91	78.2	90	90	90	90	78.08	0	0	-1.12	0	0	0	0	24	24	0	0.07500000000003837	0	0	0	0.075	0	76.2	0	1	0	0	0	0.1600000000000037
33.640	33.64044217687075	33.66044217687076	85	86	85	85	76.96	85	85	85	85	76.96	0	0	-0.94	0	0	0	0	16	16	0	0.020000000000010232	0	0	0	0.085	0	67.6	0	1	0	0	0	0.34499999999999886
33.985	33.98544217687075	34.03044217687077	81	91	89	88	77.7	89	89	89	89	77.85	0	0	0.94	0	0	0	0	22	22	0	0.04500000000002302	0	0	0	0.325	0	69.9	0	1	1	0	0.38	0.04500000000002302
