rowLabel	nucl_t1	nucl_t2	f0_min	f0_max	f0_median	f0_mean	f0_meanST	f0_start	f0_end	lopitch	hipitch	hipitchST	dynamic	intrasyllab	intersyllab	up	down	trajectory	f0_discont	prnp_start	prnp_end	prnp_intra	nucl_dur	syll_dur	vowel_dur	rhyme_dur	gap_left	loudness	int_peak	hesitation	speaker_id	before_pause	after_pause	pause_dur	iso_dur
0.535	0.5354081632653017	0.6104081632653018	96	115	109	108	81.19	109	109	109	109	81.28	0	0	0	0	0	0	0	44	44	0	0.07500000000000007	0	0	0	0.5354	0	80	0	1	0	1	0	0.16000000000000003
0.695	0.6954081632653017	0.7304081632653018	90	111	107	106	80.83	107	107	107	107	81.03	0	0	-0.19	0	0	0	0	41	41	0	0.03500000000000003	0	0	0	0.085	0	79	0	1	0	0	0	0.19999999999999996
0.895	0.8954081632653017	0.9254081632653017	92	94	93	93	78.53	93	93	93	93	78.52	0	0	-2.38	0	0	0	0	24	24	0	0.030000000000000027	0	0	0	0.165	0	76.9	0	1	0	0	0	0.1299999999999999
1.025	1.0254081632653016	1.0654081632653007	84	103	94	93	78.59	94	94	94	94	78.71	0	0	0.24	0	0	0	0	25	25	0	0.03999999999999915	0	0	0	0.1	0	76.8	0	1	0	0	0	0.22999999999999998
1.255	1.2554081632653016	1.3454081632652997	88	95	91	91	78.16	91	91	91	91	78.13	0	0	-0.53	0	0	0	0	21	21	0	0.08999999999999808	0	0	0	0.19	0	73.9	0	1	0	0	0	0.1200000000000001
1.375	1.3754081632653017	1.4604081632652999	122	185	148	151	86.87	122	185	122	185	90.45	1	7.22	5.14	7.22	0	7.22	0	57	100	51	0.08499999999999819	0	0	0	0.03	0	74.4	0	1	1	0	0.955	0.08499999999999819
2.415	2.4154081632653015	2.4554081632653006	131	140	139	138	85.38	139	139	139	139	85.5	0	0	-4.87	0	0	0	0	73	73	0	0.03999999999999915	0	0	0	0.955	0	81.1	0	1	0	1	0	0.06499999999999995
2.480	2.4804081632653014	2.505408163265301	154	155	155	155	87.33	155	155	155	155	87.35	0	0	1.92	0	0	0	0	87	87	0	0.024999999999999467	0	0	0	0.025	0	80.9	0	1	0	0	0	0.050000000000000266
2.530	2.5304081632653017	2.7404081632652972	132	162	154	152	87.08	161	132	132	161	87.99	-1	-3.43	0.68	0	-3.43	3.43	0	91	67	-25	0.20999999999999552	0	0	0	0.025	0	80.9	0	1	0	0	0	0.36499999999999977
2.895	2.8954081632653015	3.060408163265298	106	119	117	116	82.32	117	117	117	117	82.46	0	0	-2.08	0	0	0	0	52	52	0	0.16499999999999648	0	0	0	0.155	0	80.1	0	1	0	0	0	0.23500000000000032
3.130	3.130408163265302	3.1854081632653006	93	106	102	100	79.88	102	102	102	102	80.08	0	0	-2.37	0	0	0	0	35	35	0	0.05499999999999883	0	0	0	0.07	0	78.1	0	1	0	0	0	0.1599999999999997
3.290	3.2904081632653015	3.410408163265299	94	107	102	101	80.06	102	102	102	102	80.1	0	0	0.03	0	0	0	0	35	35	0	0.11999999999999744	0	0	0	0.105	0	79.7	0	1	0	0	0	0.17000000000000037
3.460	3.460408163265302	3.500408163265301	98	103	102	101	79.98	102	102	102	102	80.14	0	0	0.07	0	0	0	0	35	35	0	0.03999999999999915	0	0	0	0.05	0	78.6	0	1	0	0	0	0.06499999999999995
3.525	3.525408163265302	3.555408163265301	87	97	96	94	78.67	96	96	96	96	79.02	0	0	-1.05	0	0	0	0	28	28	0	0.02999999999999936	0	0	0	0.025	0	76.5	0	1	0	0	0	0.08000000000000007
3.605	3.605408163265302	3.6804081632653003	90	98	97	97	79.21	97	97	97	97	79.23	0	0	0.21	0	0	0	0	29	29	0	0.0749999999999984	0	0	0	0.05	0	78.4	0	1	0	0	0	0.1649999999999996
3.770	3.7704081632653015	3.880408163265299	75	102	86	86	77.25	102	77	77	102	80.16	-1	-4.62	0.96	0	-4.62	4.62	0	35	1	-35	0.10999999999999766	0	0	0	0.09	0	79	0	1	1	0	0.59	0.10999999999999766
4.470	4.4704081632653025	4.500408163265302	93	108	101	101	79.96	101	101	101	101	79.99	0	0	4.78	0	0	0	0	34	34	0	0.02999999999999936	0	0	0	0.59	0	75.5	0	1	0	1	0	0.08499999999999996
4.555	4.5554081632653025	4.620408163265301	117	123	120	120	82.93	120	120	120	120	82.95	0	0	3.05	0	0	0	0	55	55	0	0.06499999999999861	0	0	0	0.055	0	80.1	0	1	0	0	0	0.16999999999999993
4.725	4.725408163265302	4.775408163265301	134	169	150	150	86.78	150	150	150	150	86.81	0	0	3.93	0	0	0	0	83	83	0	0.049999999999998934	0	0	0	0.105	0	80.9	0	1	0	0	0	0.15499999999999936
4.880	4.880408163265302	4.920408163265301	92	123	106	108	81.06	106	106	106	106	80.84	0	0	-5.9	0	0	0	0	40	40	0	0.03999999999999915	0	0	0	0.105	0	76.9	0	1	0	0	0	0.10500000000000043
4.985	4.985408163265302	5.010408163265302	123	126	126	125	83.7	126	126	126	126	83.76	0	0	3.03	0	0	0	0	61	61	0	0.024999999999999467	0	0	0	0.065	0	77.6	0	1	0	0	0	0.04999999999999982
5.035	5.035408163265302	5.105408163265301	104	120	116	115	82.18	116	116	116	116	82.38	0	0	-1.34	0	0	0	0	51	51	0	0.06999999999999851	0	0	0	0.025	0	78.6	0	1	0	0	0	0.16500000000000004
5.200	5.200408163265302	5.2254081632653016	94	101	97	97	79.34	97	97	97	97	79.32	0	0	-2.97	0	0	0	0	29	29	0	0.024999999999999467	0	0	0	0.095	0	76.7	0	1	0	0	0	0.16500000000000004
5.365	5.365408163265302	5.390408163265302	78	91	90	88	77.57	90	90	90	90	77.97	0	0	-1.23	0	0	0	0	20	20	0	0.024999999999999467	0	0	0	0.14	0	75.5	0	1	0	0	0	0.08499999999999996
5.450	5.450408163265302	5.490408163265301	94	99	94	95	79.01	94	94	94	94	78.8	0	0	0.9	0	0	0	0	25	25	0	0.03999999999999915	0	0	0	0.06	0	73.5	0	1	1	0	0.645	0.03999999999999915
6.135	6.135408163265303	6.205408163265301	93	137	99	103	80.39	137	93	93	137	85.22	-1	-6.73	6.57	0	-6.73	6.73	0	72	24	-48	0.06999999999999851	0	0	0	0.645	0	70.1	0	1	0	1	0	0.1299999999999999
6.265	6.2654081632653025	6.3654081632653	126	143	134	135	85	134	134	134	134	84.92	0	0	6.45	0	0	0	0	69	69	0	0.09999999999999787	0	0	0	0.06	0	79.2	0	1	0	0	0	0.22499999999999964
6.490	6.490408163265302	6.5854081632653	88	125	96	101	80.06	125	88	88	125	83.67	-1	-6.12	-1.13	0	-6.12	6.12	0	60	17	-44	0.09499999999999797	0	0	0	0.125	0	80.5	0	1	0	0	0	0.17999999999999972
6.670	6.670408163265302	6.7454081632653	73	96	89	87	77.39	96	73	73	96	79.13	-1	-4.62	1.61	0	-4.62	4.62	0	28	0	-34	0.0749999999999984	0	0	0	0.085	0	76.6	0	1	1	0	0.675	0.0749999999999984
7.420	7.420408163265302	7.440408163265301	118	119	119	118	82.73	119	119	119	119	82.74	0	0	8.46	0	0	0	0	54	54	0	0.019999999999999574	0	0	0	0.675	0	80.5	0	1	0	1	0	0.04499999999999993
7.465	7.465408163265302	7.5304081632653	126	132	128	129	84.2	128	128	128	128	84.09	0	0	1.36	0	0	0	0	63	63	0	0.06499999999999861	0	0	0	0.025	0	80.2	0	1	0	0	0	0.14500000000000046
7.610	7.610408163265302	7.685408163265301	111	159	143	143	85.93	143	143	143	143	85.99	0	0	1.99	0	0	0	0	77	77	0	0.0749999999999984	0	0	0	0.08	0	81.3	0	1	0	0	0	0.23500000000000032
7.845	7.8454081632653025	7.920408163265301	109	123	111	111	81.69	111	111	111	111	81.61	0	0	-4.31	0	0	0	0	46	46	0	0.0749999999999984	0	0	0	0.16	0	78.8	0	1	0	0	0	0.09499999999999975
7.940	7.940408163265302	7.9804081632653014	121	130	129	129	84.17	129	129	129	129	84.25	0	0	2.72	0	0	0	0	64	64	0	0.03999999999999915	0	0	0	0.02	0	80.3	0	1	0	0	0	0.1299999999999999
8.070	8.070408163265302	8.145408163265314	110	125	117	118	82.66	117	117	117	117	82.57	0	0	-1.56	0	0	0	0	52	52	0	0.07500000000001172	0	0	0	0.09	0	81.3	0	1	0	0	0	0.11999999999999922
8.190	8.190408163265301	8.315408163265321	95	110	97	99	79.72	97	97	97	97	79.21	0	0	-3.24	0	0	0	0	29	29	0	0.12500000000001954	0	0	0	0.045	0	78.6	0	1	0	0	0	0.16999999999999993
8.360	8.360408163265301	8.405408163265308	93	97	94	95	78.87	94	94	94	94	78.75	0	0	-0.45	0	0	0	0	25	25	0	0.045000000000007034	0	0	0	0.045	0	76.2	0	1	0	0	0	0.15000000000000036
8.510	8.510408163265302	8.590408163265314	90	94	92	92	78.31	92	92	92	92	78.33	0	0	-0.33	0	0	0	0	23	23	0	0.0800000000000125	0	0	0	0.105	0	75.2	0	1	0	0	0	0.22000000000000064
8.730	8.730408163265302	8.77540816326531	97	105	102	102	80.13	102	102	102	102	80.19	0	0	1.91	0	0	0	0	35	35	0	0.045000000000007034	0	0	0	0.14	0	76.1	0	1	0	0	0	0.08499999999999908
8.815	8.815408163265301	8.87540816326531	81	89	84	85	76.93	84	84	84	84	76.75	0	0	-3.32	0	0	0	0	12	12	0	0.06000000000000938	0	0	0	0.04	0	75.2	0	1	0	0	0	0.1700000000000017
8.985	8.985408163265303	9.065408163265316	91	112	101	102	80.13	101	101	101	101	79.95	0	0	3.24	0	0	0	0	34	34	0	0.0800000000000125	0	0	0	0.11	0	78.4	0	1	0	0	0	0.14499999999999957
9.130	9.130408163265303	9.165408163265308	91	108	100	100	79.86	100	100	100	100	79.77	0	0	-0.13	0	0	0	0	33	33	0	0.03500000000000547	0	0	0	0.065	0	75.6	0	1	0	0	0	0.11500000000000021
9.245	9.245408163265303	9.280408163265308	80	87	84	84	76.88	84	84	84	84	76.91	0	0	-2.82	0	0	0	0	12	12	0	0.03500000000000547	0	0	0	0.08	0	73.6	0	1	0	0	0	0.16999999999999993
9.415	9.415408163265303	9.480408163265313	77	89	81	83	76.53	81	81	81	81	76.16	0	0	-0.55	0	0	0	0	7	7	0	0.06500000000001016	0	0	0	0.135	0	72	0	1	1	0	1.025	0.06500000000001016
10.505	10.505408163265303	10.55540816326531	84	98	85	89	77.82	85	85	85	85	77.03	0	0	0.95	0	0	0	0	13	13	0	0.050000000000007816	0	0	0	1.025	0	70.1	0	1	0	1	0	0.17999999999999972
10.685	10.685408163265302	10.770408163265316	113	125	116	117	82.56	116	116	116	116	82.3	0	0	5.38	0	0	0	0	51	51	0	0.08500000000001329	0	0	0	0.13	0	78.8	0	1	0	0	0	0.10999999999999943
10.795	10.795408163265302	10.820408163265306	133	134	133	133	84.72	133	133	133	133	84.71	0	0	2.41	0	0	0	0	68	68	0	0.025000000000003908	0	0	0	0.025	0	78	0	1	0	0	0	0.11500000000000021
10.910	10.910408163265302	10.925408163265304	90	105	103	102	80.09	103	103	103	103	80.4	0	0	-4.26	0	0	0	0	37	37	0	0.015000000000002345	0	0	0	0.09	0	75.7	0	1	0	0	0	0.08000000000000007
10.990	10.990408163265302	11.065408163265314	86	90	87	87	77.35	87	87	87	87	77.32	0	0	-2.91	0	0	0	0	16	16	0	0.07500000000001172	0	0	0	0.065	0	74.6	0	1	0	0	0	0.09999999999999964
11.090	11.090408163265302	11.125408163265307	88	91	91	90	78	91	91	91	91	78.1	0	0	0.78	0	0	0	0	21	21	0	0.03500000000000547	0	0	0	0.025	0	74.9	0	1	0	0	0	0.1349999999999998
11.225	11.225408163265302	11.310408163265315	78	103	87	89	77.81	103	78	78	103	80.39	-1	-4.76	2.3	0	-4.76	4.76	0	37	3	-35	0.08500000000001329	0	0	0	0.1	0	75.1	0	1	1	0	0.52	0.08500000000001329
11.830	11.830408163265302	12.07040816326534	122	144	134	133	84.77	125	142	125	142	85.86	1	2.57	8.18	2.57	0	2.57	0	60	76	15	0.24000000000003752	0	0	0	0.52	0	81.1	0	1	0	1	0	0.2900000000000009
12.120	12.120408163265303	12.210408163265317	118	140	136	135	84.96	136	136	136	136	85.17	0	0	-0.63	0	0	0	0	71	71	0	0.09000000000001407	0	0	0	0.05	0	78	0	1	0	0	0	0.21499999999999986
12.335	12.335408163265303	12.435408163265318	94	102	98	97	79.34	98	98	98	98	79.4	0	0	-5.65	0	0	0	0	31	31	0	0.10000000000001563	0	0	0	0.125	0	77	0	1	0	0	0	0.18499999999999872
12.520	12.520408163265301	12.540408163265305	103	115	113	112	81.7	113	113	113	113	81.94	0	0	2.56	0	0	0	0	48	48	0	0.020000000000003126	0	0	0	0.085	0	77.8	0	1	0	0	0	0.0600000000000005
12.580	12.580408163265302	12.63540816326531	99	111	108	107	80.99	108	108	108	108	81.14	0	0	-0.7	0	0	0	0	42	42	0	0.0550000000000086	0	0	0	0.04	0	79	0	1	0	0	0	0.13000000000000078
12.710	12.710408163265303	12.765408163265311	92	111	102	103	80.28	102	102	102	102	80.1	0	0	-0.96	0	0	0	0	35	35	0	0.0550000000000086	0	0	0	0.075	0	76.9	0	1	0	0	0	0.125
12.835	12.835408163265303	12.915408163265315	92	99	96	96	79.18	96	96	96	96	79.18	0	0	-0.89	0	0	0	0	28	28	0	0.0800000000000125	0	0	0	0.07	0	77	0	1	0	0	0	0.18499999999999872
13.020	13.020408163265301	13.08040816326531	80	89	81	81	76.2	81	81	81	81	76.13	0	0	-2.89	0	0	0	0	7	7	0	0.06000000000000938	0	0	0	0.105	0	74	0	1	0	0	0	0.08500000000000085
13.105	13.105408163265302	13.145408163265309	82	83	83	83	76.53	83	83	83	83	76.52	0	0	0.45	0	0	0	0	10	10	0	0.04000000000000625	0	0	0	0.025	0	72.9	0	1	0	0	0	0.16499999999999915
13.270	13.270408163265301	13.345408163265313	75	88	81	82	76.34	81	81	81	81	76.24	0	0	-0.26	0	0	0	0	7	7	0	0.07500000000001172	0	0	0	0.125	0	74.5	0	1	0	0	0	0.20000000000000107
13.470	13.470408163265303	13.495408163265306	85	88	86	86	77.25	86	86	86	86	77.18	0	0	1.1	0	0	0	0	15	15	0	0.025000000000003908	0	0	0	0.125	0	69.3	0	1	1	0	1	0.025000000000003908
14.495	14.495408163265303	14.555408163265312	104	109	108	107	81	108	108	108	108	81.2	0	0	4.08	0	0	0	0	42	42	0	0.06000000000000938	0	0	0	1	0	79.2	0	1	0	1	0	0.125
14.620	14.620408163265303	14.650408163265308	114	119	118	118	82.7	118	118	118	118	82.73	0	0	1.68	0	0	0	0	53	53	0	0.03000000000000469	0	0	0	0.065	0	80	0	1	0	0	0	0.08000000000000007
14.700	14.700408163265303	14.74040816326531	89	102	94	95	78.9	94	94	94	94	78.72	0	0	-3.88	0	0	0	0	25	25	0	0.04000000000000625	0	0	0	0.05	0	78.4	0	1	0	0	0	0.15499999999999936
14.855	14.855408163265302	14.870408163265305	91	107	105	103	80.31	105	105	105	105	80.66	0	0	2	0	0	0	0	39	39	0	0.015000000000002345	0	0	0	0.115	0	76.7	0	1	0	0	0	0.04499999999999993
14.900	14.900408163265302	14.960408163265312	91	102	94	93	78.63	94	94	94	94	78.7	0	0	-1.87	0	0	0	0	25	25	0	0.06000000000000938	0	0	0	0.03	0	77	0	1	0	0	0	0.16000000000000014
15.060	15.060408163265302	15.10540816326531	97	115	111	109	81.36	111	111	111	111	81.54	0	0	2.88	0	0	0	0	46	46	0	0.045000000000007034	0	0	0	0.1	0	78.3	0	1	0	0	0	0.09500000000000064
15.155	15.155408163265303	15.190408163265309	99	105	104	103	80.39	104	104	104	104	80.51	0	0	-1.02	0	0	0	0	38	38	0	0.03500000000000547	0	0	0	0.05	0	77.9	0	1	0	0	0	0.09999999999999964
15.255	15.255408163265303	15.295408163265309	90	102	100	98	79.46	100	100	100	100	79.83	0	0	-0.57	0	0	0	0	33	33	0	0.04000000000000625	0	0	0	0.065	0	76.6	0	1	0	0	0	0.20500000000000007
15.460	15.460408163265303	15.56540816326532	179	214	209	201	91.82	180	209	180	211	92.72	1	2.76	10.23	2.76	0	2.76	0	100	100	19	0.10500000000001641	0	0	0	0.165	0	76.4	0	1	1	0	0.61	0.10500000000001641
16.175	16.175408163265303	16.210408163265296	92	108	100	99	79.69	100	100	100	100	79.78	0	0	-12.71	0	0	0	0	33	33	0	0.03499999999999304	0	0	0	0.61	0	73.2	0	1	0	1	0	0.09499999999999886
16.270	16.2704081632653	16.345408163265287	114	119	117	117	82.45	117	117	117	117	82.49	0	0	2.77	0	0	0	0	52	52	0	0.07499999999998508	0	0	0	0.06	0	80.2	0	1	0	0	0	0.10000000000000142
16.370	16.370408163265303	16.415408163265294	135	140	139	139	85.46	139	139	139	139	85.5	0	0	3.05	0	0	0	0	73	73	0	0.04499999999999105	0	0	0	0.025	0	81	0	1	0	0	0	0.08500000000000085
16.455	16.455408163265304	16.505408163265294	152	159	157	157	87.56	157	157	157	157	87.63	0	0	2.2	0	0	0	0	88	88	0	0.04999999999999005	0	0	0	0.04	0	82.2	0	1	0	0	0	0.14999999999999858
16.605	16.605408163265302	16.67040816326529	122	144	135	134	84.87	135	135	135	135	85.01	0	0	-2.53	0	0	0	0	70	70	0	0.06499999999998707	0	0	0	0.1	0	78.4	0	1	0	0	0	0.18499999999999872
16.790	16.7904081632653	16.830408163265293	89	96	94	93	78.6	94	94	94	94	78.73	0	0	-6.2	0	0	0	0	25	25	0	0.03999999999999204	0	0	0	0.12	0	75.9	0	1	0	0	0	0.2950000000000017
17.085	17.085408163265303	17.130408163265294	81	89	86	85	77.03	86	86	86	86	77.24	0	0	-1.41	0	0	0	0	15	15	0	0.04499999999999105	0	0	0	0.255	0	75.1	0	1	0	0	0	0.3299999999999983
17.415	17.4154081632653	17.440408163265296	81	84	83	83	76.52	83	83	83	83	76.69	0	0	-0.43	0	0	0	0	10	10	0	0.024999999999995026	0	0	0	0.285	0	71.5	0	1	1	0	1.06	0.024999999999995026
18.500	18.500408163265302	18.61040816326528	135	145	143	142	85.89	143	143	143	143	86.02	0	0	9.52	0	0	0	0	77	77	0	0.10999999999997812	0	0	0	1.06	0	82.3	0	1	0	1	0	0.21000000000000085
18.710	18.710408163265303	18.745408163265296	123	137	132	131	84.52	132	132	132	132	84.56	0	0	-1.36	0	0	0	0	67	67	0	0.03499999999999304	0	0	0	0.1	0	80.4	0	1	0	0	0	0.15500000000000114
18.865	18.865408163265304	18.93540816326529	163	175	174	172	89.19	174	174	174	174	89.37	0	0	4.83	0	0	0	0	100	100	0	0.06999999999998607	0	0	0	0.12	0	81.1	0	1	0	0	0	0.16499999999999915
19.030	19.030408163265303	19.070408163265295	122	148	144	139	85.51	144	144	144	144	86.08	0	0	-3.24	0	0	0	0	78	78	0	0.03999999999999204	0	0	0	0.095	0	80.6	0	1	0	0	0	0.14000000000000057
19.170	19.170408163265304	19.210408163265296	107	132	121	120	82.92	121	121	121	121	83.15	0	0	-2.89	0	0	0	0	56	56	0	0.03999999999999204	0	0	0	0.1	0	80	0	1	0	0	0	0.0849999999999973
19.255	19.2554081632653	19.295408163265293	105	110	109	109	81.26	109	109	109	109	81.35	0	0	-1.68	0	0	0	0	44	44	0	0.03999999999999204	0	0	0	0.045	0	77.5	0	1	0	0	0	0.23500000000000298
19.490	19.490408163265304	19.585408163265285	78	110	101	98	79.44	106	78	78	106	80.75	-1	-4.25	-0.47	0	-4.25	4.25	0	40	3	-38	0.0949999999999811	0	0	0	0.195	0	81.4	0	1	1	0	0.775	0.0949999999999811
20.360	20.3604081632653	20.385408163265296	134	137	136	136	85.05	136	136	136	136	85.09	0	0	9.66	0	0	0	0	71	71	0	0.024999999999995026	0	0	0	0.775	0	77.9	0	1	0	1	0	0.16000000000000014
20.520	20.5204081632653	20.58040816326529	134	149	148	146	86.37	148	148	148	148	86.62	0	0	1.57	0	0	0	0	81	81	0	0.05999999999998806	0	0	0	0.135	0	81.3	0	1	0	0	0	0.13000000000000256
20.650	20.650408163265304	20.685408163265297	138	153	147	147	86.44	147	147	147	147	86.47	0	0	-0.05	0	0	0	0	80	80	0	0.03499999999999304	0	0	0	0.07	0	79.2	0	1	0	0	0	0.05999999999999872
20.710	20.710408163265303	20.805408163265284	110	141	137	132	84.61	137	137	137	137	85.3	0	0	-1.1	0	0	0	0	72	72	0	0.0949999999999811	0	0	0	0.025	0	80.4	0	1	0	0	0	0.14000000000000057
20.850	20.850408163265303	20.92040816326529	100	106	104	104	80.49	104	104	104	104	80.57	0	0	-4.61	0	0	0	0	38	38	0	0.06999999999998607	0	0	0	0.045	0	80.2	0	1	0	0	0	0.14499999999999957
20.995	20.995408163265303	21.075408163265287	94	102	99	98	79.42	99	99	99	99	79.59	0	0	-0.81	0	0	0	0	32	32	0	0.07999999999998408	0	0	0	0.075	0	79.1	0	1	0	0	0	0.16000000000000014
21.155	21.155408163265303	21.27540816326528	75	99	90	88	77.59	99	82	82	99	79.67	-1	-3.28	0.12	0	-3.28	3.28	0	32	9	-24	0.11999999999997613	0	0	0	0.08	0	77.3	0	1	1	0	0.42	0.11999999999997613
21.695	21.695408163265302	21.745408163265292	101	153	117	119	82.79	153	101	101	153	87.18	-1	-7.16	10.89	0	-7.16	7.16	0	85	34	-51	0.04999999999999005	0	0	0	0.42	0	72.2	0	1	0	1	0	0.14499999999999957
21.840	21.8404081632653	21.94540816326528	137	160	150	151	86.87	150	150	150	150	86.84	0	0	6.94	0	0	0	0	83	83	0	0.10499999999997911	0	0	0	0.095	0	80.9	0	1	0	0	0	0.16000000000000014
22.000	22.000408163265302	22.035408163265295	153	158	155	155	87.37	155	155	155	155	87.34	0	0	0.59	0	0	0	0	87	87	0	0.03499999999999304	0	0	0	0.055	0	59.3	0	1	0	0	0	0.07499999999999929
22.075	22.0754081632653	22.155408163265285	115	141	125	127	83.94	125	125	125	125	83.6	0	0	-3.71	0	0	0	0	60	60	0	0.07999999999998408	0	0	0	0.04	0	80.6	0	1	0	0	0	0.15000000000000213
22.225	22.225408163265303	22.270408163265294	116	118	118	118	82.6	118	118	118	118	82.62	0	0	-0.97	0	0	0	0	53	53	0	0.04499999999999105	0	0	0	0.07	0	79.6	0	1	0	0	0	0.10500000000000043
22.330	22.330408163265304	22.44540816326528	108	118	116	115	82.24	116	116	116	116	82.32	0	0	-0.27	0	0	0	0	51	51	0	0.11499999999997712	0	0	0	0.06	0	80.1	0	1	0	0	0	0.2799999999999976
22.610	22.6104081632653	22.67540816326529	120	128	126	125	83.69	126	126	126	126	83.77	0	0	1.47	0	0	0	0	61	61	0	0.06499999999998707	0	0	0	0.165	0	81.3	0	1	0	0	0	0.16000000000000014
22.770	22.7704081632653	22.805408163265295	125	135	127	129	84.15	127	127	127	127	83.95	0	0	0.22	0	0	0	0	62	62	0	0.03499999999999304	0	0	0	0.095	0	79.2	0	1	0	0	0	0.13000000000000256
22.900	22.900408163265304	22.960408163265292	84	99	94	93	78.53	94	94	94	94	78.68	0	0	-5.19	0	0	0	0	25	25	0	0.05999999999998806	0	0	0	0.095	0	77.5	0	1	0	0	0	0.2049999999999983
23.105	23.105408163265302	23.140408163265295	113	132	126	124	83.46	126	126	126	126	83.76	0	0	5.11	0	0	0	0	61	61	0	0.03499999999999304	0	0	0	0.145	0	81	0	1	0	0	0	0.08999999999999986
23.195	23.195408163265302	23.270408163265287	103	112	111	109	81.36	111	111	111	111	81.53	0	0	-2.19	0	0	0	0	46	46	0	0.07499999999998508	0	0	0	0.055	0	79.7	0	1	0	0	0	0.16999999999999815
23.365	23.3654081632653	23.395408163265294	97	111	105	105	80.67	105	105	105	105	80.73	0	0	-0.81	0	0	0	0	39	39	0	0.02999999999999403	0	0	0	0.095	0	78	0	1	0	0	0	0.120000000000001
23.485	23.4854081632653	23.560408163265286	89	101	92	94	78.69	92	92	92	92	78.46	0	0	-2.11	0	0	0	0	23	23	0	0.07499999999998508	0	0	0	0.09	0	78	0	1	0	0	0	0.1650000000000027
23.650	23.650408163265304	23.730408163265288	83	101	87	89	77.79	87	87	87	87	77.5	0	0	-0.79	0	0	0	0	16	16	0	0.07999999999998408	0	0	0	0.09	0	77.9	0	1	0	0	0	0.14999999999999858
23.800	23.800408163265303	23.845408163265294	86	102	96	95	78.94	96	96	96	96	79.17	0	0	1.85	0	0	0	0	28	28	0	0.04499999999999105	0	0	0	0.07	0	77.4	0	1	0	0	0	0.17999999999999972
23.980	23.980408163265302	24.065408163265285	93	101	94	95	78.96	94	94	94	94	78.75	0	0	-0.27	0	0	0	0	25	25	0	0.08499999999998309	0	0	0	0.135	0	74.8	0	1	0	0	0	0.11500000000000199
24.095	24.095408163265304	24.21540816326528	147	232	205	198	91.63	157	220	157	229	94.14	1	4.95	8.97	4.95	0	4.95	0	88	100	46	0.11999999999997613	0	0	0	0.03	0	77.7	0	1	1	0	0.62	0.11999999999997613
24.835	24.835408163265303	24.870408163265296	88	92	91	90	78.04	91	91	91	91	78.14	0	0	-15.23	0	0	0	0	21	21	0	0.03499999999999304	0	0	0	0.62	0	69	0	1	0	1	0	0.13500000000000156
24.970	24.970408163265304	25.04540816326529	128	141	131	133	84.7	131	131	131	131	84.41	0	0	6.32	0	0	0	0	66	66	0	0.07499999999998508	0	0	0	0.1	0	78.8	0	1	0	0	0	0.08999999999999986
25.060	25.060408163265304	25.090408163265298	147	152	151	151	86.9	151	151	151	151	86.97	0	0	2.57	0	0	0	0	84	84	0	0.02999999999999403	0	0	0	0.015	0	78.7	0	1	0	0	0	0.09999999999999787
25.160	25.160408163265302	25.195408163265295	133	153	147	144	86.1	147	147	147	147	86.41	0	0	-0.45	0	0	0	0	80	80	0	0.03499999999999304	0	0	0	0.07	0	80.7	0	1	0	0	0	0.08000000000000185
25.240	25.240408163265304	25.300408163265292	98	121	108	108	81.15	108	108	108	108	81.07	0	0	-5.33	0	0	0	0	42	42	0	0.05999999999998806	0	0	0	0.045	0	79.7	0	1	0	0	0	0.17499999999999716
25.415	25.4154081632653	25.51540816326528	82	125	96	98	79.44	125	82	82	125	83.68	-1	-7.24	2.62	0	-7.24	7.24	0	60	9	-52	0.0999999999999801	0	0	0	0.115	0	77.5	0	1	1	0	0.43	0.0999999999999801
25.945	25.945408163265302	25.990408163265293	121	128	125	125	83.61	125	125	125	125	83.59	0	0	7.3	0	0	0	0	60	60	0	0.04499999999999105	0	0	0	0.43	0	81.1	0	1	0	1	0	0.08500000000000085
26.030	26.030408163265303	26.10040816326529	94	125	109	109	81.29	125	94	94	125	83.7	-1	-4.89	0.12	0	-4.89	4.89	0	60	25	-35	0.06999999999998607	0	0	0	0.04	0	80.6	0	1	0	0	0	0.21499999999999986
26.245	26.245408163265303	26.330408163265286	99	115	108	108	81.16	108	108	108	108	81.18	0	0	2.53	0	0	0	0	42	42	0	0.08499999999998309	0	0	0	0.145	0	77.9	0	1	0	0	0	0.14999999999999858
26.395	26.3954081632653	26.44540816326529	114	131	125	124	83.49	125	125	125	125	83.61	0	0	2.55	0	0	0	0	60	60	0	0.04999999999999005	0	0	0	0.065	0	78.8	0	1	0	0	0	0.1700000000000017
26.565	26.565408163265303	26.63540816326529	94	118	105	105	80.68	105	105	105	105	80.7	0	0	-2.89	0	0	0	0	39	39	0	0.06999999999998607	0	0	0	0.12	0	76.7	0	1	0	0	0	0.120000000000001
26.685	26.685408163265304	26.770408163265287	84	96	88	88	77.56	88	88	88	88	77.54	0	0	-3.03	0	0	0	0	17	17	0	0.08499999999998309	0	0	0	0.05	0	75.6	0	1	0	0	0	0.134999999999998
26.820	26.820408163265302	26.88040816326529	76	86	84	83	76.68	84	84	84	84	76.91	0	0	-0.6	0	0	0	0	12	12	0	0.05999999999998806	0	0	0	0.05	0	71.9	0	1	0	0	0	0.11500000000000199
26.935	26.935408163265304	27.01040816326529	85	96	95	94	78.67	95	95	95	95	78.86	0	0	2.15	0	0	0	0	27	27	0	0.07499999999998508	0	0	0	0.055	0	75.6	0	1	0	0	0	0.14999999999999858
27.085	27.085408163265303	27.135408163265293	84	106	88	91	78.23	88	88	88	88	77.59	0	0	-1.25	0	0	0	0	17	17	0	0.04999999999999005	0	0	0	0.075	0	75.6	0	1	0	0	0	0.25
27.335	27.335408163265303	27.410408163265288	80	85	84	83	76.63	84	84	84	84	76.74	0	0	-0.78	0	0	0	0	12	12	0	0.07499999999998508	0	0	0	0.2	0	73.1	0	1	1	0	0.99	0.07499999999998508
28.400	28.400408163265304	28.430408163265298	84	98	87	88	77.6	87	87	87	87	77.51	0	0	0.8	0	0	0	0	16	16	0	0.02999999999999403	0	0	0	0.99	0	68.9	0	1	0	1	0	0.15499999999999758
28.555	28.5554081632653	28.630408163265287	114	122	116	117	82.52	116	116	116	116	82.34	0	0	5.03	0	0	0	0	51	51	0	0.07499999999998508	0	0	0	0.125	0	78.8	0	1	0	0	0	0.09500000000000242
28.650	28.650408163265304	28.680408163265298	98	131	130	123	83.38	130	130	130	130	84.35	0	0	2.06	0	0	0	0	65	65	0	0.02999999999999403	0	0	0	0.02	0	75.6	0	1	0	0	0	0.10499999999999687
28.755	28.7554081632653	28.790408163265294	105	131	119	117	82.54	119	119	119	119	82.74	0	0	-1.53	0	0	0	0	54	54	0	0.03499999999999304	0	0	0	0.075	0	78.1	0	1	0	0	0	0.11000000000000298
28.865	28.865408163265304	28.910408163265295	95	102	98	99	79.57	98	98	98	98	79.5	0	0	-3.24	0	0	0	0	31	31	0	0.04499999999999105	0	0	0	0.075	0	80.2	0	1	0	0	0	0.13999999999999702
29.005	29.0054081632653	29.140408163265274	100	122	101	104	80.47	122	100	100	122	83.22	-1	-3.43	3.84	0	-3.43	3.43	0	57	33	-25	0.13499999999997314	0	0	0	0.095	0	77.4	0	1	0	0	0	0.25500000000000256
29.260	29.260408163265303	29.290408163265298	89	100	96	95	78.91	96	96	96	96	79.14	0	0	-0.59	0	0	0	0	28	28	0	0.02999999999999403	0	0	0	0.12	0	67.2	0	1	0	0	0	0.10999999999999943
29.370	29.370408163265303	29.465408163265284	104	120	108	110	81.39	108	108	108	108	81.15	0	0	2.13	0	0	0	0	42	42	0	0.0949999999999811	0	0	0	0.08	0	79.6	0	1	0	0	0	0.16999999999999815
29.540	29.5404081632653	29.585408163265292	100	114	108	107	80.94	108	108	108	108	81.13	0	0	0.07	0	0	0	0	42	42	0	0.04499999999999105	0	0	0	0.075	0	77.1	0	1	0	0	0	0.11500000000000199
29.655	29.655408163265303	29.745408163265285	92	98	93	94	78.77	93	93	93	93	78.61	0	0	-2.45	0	0	0	0	24	24	0	0.0899999999999821	0	0	0	0.07	0	75.9	0	1	0	0	0	0.14499999999999957
29.800	29.800408163265303	29.975408163265268	87	93	90	90	78.01	90	90	90	90	78.03	0	0	-0.44	0	0	0	0	20	20	0	0.17499999999996518	0	0	0	0.055	0	74.1	0	1	0	0	0	0.21000000000000085
30.010	30.010408163265303	30.055408163265295	86	90	89	89	77.78	89	89	89	89	77.78	0	0	-0.12	0	0	0	0	19	19	0	0.04499999999999105	0	0	0	0.035	0	73.5	0	1	0	0	0	0.134999999999998
30.145	30.1454081632653	30.220408163265287	94	98	95	95	78.99	95	95	95	95	78.88	0	0	1.17	0	0	0	0	27	27	0	0.07499999999998508	0	0	0	0.09	0	75.8	0	1	0	0	0	0.120000000000001
30.265	30.265408163265302	30.33040816326529	97	100	99	98	79.55	99	99	99	99	79.64	0	0	0.81	0	0	0	0	32	32	0	0.06499999999998707	0	0	0	0.045	0	73.5	0	1	0	0	0	0.14999999999999858
30.415	30.4154081632653	30.540408163265276	153	222	208	198	91.61	153	214	153	221	93.46	1	6.34	7.56	6.34	0	6.34	0	85	100	45	0.12499999999997513	0	0	0	0.085	0	80.9	0	1	1	0	0.79	0.12499999999997513
31.330	31.330408163265304	31.39540816326529	111	121	114	115	82.15	114	114	114	114	82.05	0	0	-10.85	0	0	0	0	49	49	0	0.06499999999998707	0	0	0	0.79	0	79.7	0	1	0	1	0	0.08999999999999986
31.420	31.420408163265304	31.470408163265294	134	146	145	144	86.08	145	145	145	145	86.19	0	0	4.19	0	0	0	0	79	79	0	0.04999999999999005	0	0	0	0.025	0	79.9	0	1	0	0	0	0.10999999999999943
31.530	31.530408163265303	31.59540816326529	141	157	156	153	87.18	156	156	156	156	87.43	0	0	1.28	0	0	0	0	88	88	0	0.06499999999998707	0	0	0	0.06	0	82	0	1	0	0	0	0.17999999999999972
31.710	31.710408163265303	31.795408163265286	117	154	128	130	84.34	154	117	117	154	87.25	-1	-4.8	-0.17	0	-4.8	4.8	0	86	52	-34	0.08499999999998309	0	0	0	0.115	0	78.4	0	1	0	0	0	0.120000000000001
31.830	31.830408163265304	31.90540816326529	108	119	117	115	82.22	117	117	117	117	82.46	0	0	0.01	0	0	0	0	52	52	0	0.07499999999998508	0	0	0	0.035	0	76.9	0	1	0	0	0	0.129999999999999
31.960	31.960408163265303	32.12540816326536	112	155	127	129	84.15	113	155	113	155	87.37	1	5.51	-0.59	5.51	0	5.51	0	48	87	38	0.16500000000005954	0	0	0	0.055	0	75	0	1	0	0	0	0.5100000000000016
32.470	32.470408163265304	32.490408163265315	117	121	120	120	82.98	120	120	120	120	83.01	0	0	-4.3	0	0	0	0	55	55	0	0.020000000000010232	0	0	0	0.345	0	79.4	0	1	0	0	0	0.045000000000001705
32.515	32.515408163265306	32.530408163265314	117	119	118	118	82.69	118	118	118	118	82.67	0	0	-0.21	0	0	0	0	53	53	0	0.015000000000007674	0	0	0	0.025	0	78.8	0	1	0	0	0	0.10499999999999687
32.620	32.6204081632653	32.72540816326536	129	142	136	136	85.15	136	136	136	136	85.17	0	0	2.58	0	0	0	0	71	71	0	0.10500000000005372	0	0	0	0.09	0	79.7	0	1	0	0	0	0.18999999999999773
32.810	32.8104081632653	32.83540816326531	120	138	130	130	84.31	130	130	130	130	84.29	0	0	-0.76	0	0	0	0	65	65	0	0.02500000000001279	0	0	0	0.085	0	79.5	0	1	0	0	0	0.13500000000000512
32.945	32.945408163265306	33.005408163265336	99	104	104	103	80.35	104	104	104	104	80.46	0	0	-3.81	0	0	0	0	38	38	0	0.060000000000030695	0	0	0	0.11	0	78.4	0	1	0	0	0	0.09999999999999432
33.045	33.0454081632653	33.135408163265346	76	95	82	83	76.59	95	78	78	95	79.01	-1	-3.37	-1.39	0	-3.37	3.37	0	27	3	-25	0.09000000000004604	0	0	0	0.04	0	76.7	0	1	1	0	0.6	0.09000000000004604
33.735	33.735408163265305	33.78040816326533	119	123	122	121	83.1	122	122	122	122	83.19	0	0	7.77	0	0	0	0	57	57	0	0.04500000000002302	0	0	0	0.6	0	80.8	0	1	0	1	0	0.14000000000000057
33.875	33.875408163265305	33.895408163265316	154	161	157	158	87.68	157	157	157	157	87.6	0	0	4.43	0	0	0	0	88	88	0	0.020000000000010232	0	0	0	0.095	0	80.8	0	1	0	0	0	0.054999999999999716
33.930	33.930408163265305	33.970408163265326	140	153	148	149	86.65	148	148	148	148	86.62	0	0	-0.91	0	0	0	0	81	81	0	0.040000000000020464	0	0	0	0.035	0	80.5	0	1	0	0	0	0.16499999999999915
34.095	34.095408163265304	34.235408163265376	103	119	107	108	81.12	107	107	107	107	80.9	0	0	-5.61	0	0	0	0	41	41	0	0.14000000000007162	0	0	0	0.125	0	79.1	0	1	0	0	0	0.21000000000000085
34.305	34.305408163265305	34.41040816326536	104	111	105	106	80.86	105	105	105	105	80.69	0	0	-0.2	0	0	0	0	39	39	0	0.10500000000005372	0	0	0	0.07	0	79.6	0	1	0	0	0	0.15500000000000114
34.460	34.460408163265306	34.52040816326534	93	100	94	95	78.97	94	94	94	94	78.71	0	0	-1.86	0	0	0	0	25	25	0	0.060000000000030695	0	0	0	0.05	0	77.7	0	1	0	0	0	0.12999999999999545
34.590	34.5904081632653	34.70540816326536	99	126	102	106	80.78	100	126	100	126	83.84	1	3.97	1.09	3.97	0	3.97	0	33	61	28	0.11500000000005883	0	0	0	0.07	0	77	0	1	1	0	0.48	0.11500000000005883
35.185	35.1854081632653	35.27540816326535	126	133	129	130	84.31	129	129	129	129	84.23	0	0	0.51	0	0	0	0	64	64	0	0.09000000000004604	0	0	0	0.48	0	80.6	0	1	0	1	0	0.17500000000000426
35.360	35.360408163265305	35.39540816326532	159	177	165	167	88.65	165	165	165	165	88.46	0	0	4.33	0	0	0	0	95	95	0	0.035000000000017906	0	0	0	0.085	0	82.6	0	1	0	0	0	0.07499999999999574
35.435	35.4354081632653	35.51540816326534	123	146	140	138	85.41	140	140	140	140	85.67	0	0	-2.72	0	0	0	0	74	74	0	0.08000000000004093	0	0	0	0.04	0	81.2	0	1	0	0	0	0.23499999999999943
35.670	35.6704081632653	35.69040816326531	93	95	94	94	78.78	94	94	94	94	78.81	0	0	-6.75	0	0	0	0	25	25	0	0.020000000000010232	0	0	0	0.155	0	76.8	0	1	0	0	0	0.05000000000000426
35.720	35.720408163265304	35.820408163265355	92	101	95	95	79.01	95	95	95	95	78.96	0	0	0.3	0	0	0	0	27	27	0	0.10000000000005116	0	0	0	0.03	0	77.7	0	1	0	0	0	0.19999999999999574
35.920	35.9204081632653	36.05040816326537	72	104	79	82	76.36	104	81	72	104	80.48	-1	-6.32	1.65	0	-6.32	6.32	0	38	7	-46	0.1300000000000665	0	0	0	0.1	0	75.8	0	1	0	0	0	0.26500000000000057
36.185	36.1854081632653	36.20040816326531	111	112	112	112	81.73	112	112	112	112	81.74	0	0	5.66	0	0	0	0	47	47	0	0.015000000000007674	0	0	0	0.135	0	54.1	0	1	0	0	0	0.08500000000000085
36.270	36.2704081632653	36.295408163265314	92	106	101	100	79.75	101	101	101	101	79.91	0	0	-1.78	0	0	0	0	34	34	0	0.02500000000001279	0	0	0	0.07	0	79.4	0	1	0	0	0	0.17500000000000426
36.445	36.445408163265306	36.52540816326535	104	135	113	115	82.19	113	113	113	113	81.95	0	0	2.05	0	0	0	0	48	48	0	0.08000000000004093	0	0	0	0.15	0	80.1	0	1	0	0	0	0.15499999999999403
36.600	36.6004081632653	36.65540816326533	81	96	85	87	77.39	85	85	85	85	77.07	0	0	-4.78	0	0	0	0	13	13	0	0.05500000000002814	0	0	0	0.075	0	76.6	0	1	0	0	0	0.08500000000000085
36.685	36.6854081632653	36.72040816326532	83	92	87	87	77.37	87	87	87	87	77.48	0	0	0.56	0	0	0	0	16	16	0	0.035000000000017906	0	0	0	0.03	0	72.2	0	1	0	0	0	0.08500000000000085
36.770	36.7704081632653	36.84040816326534	76	87	81	81	76.26	81	81	81	81	76.22	0	0	-1.1	0	0	0	0	7	7	0	0.07000000000003581	0	0	0	0.05	0	73.6	0	1	0	0	0	0.10500000000000398
36.875	36.875408163265305	36.90540816326532	80	89	87	85	77.05	87	87	87	87	77.35	0	0	1.27	0	0	0	0	16	16	0	0.030000000000015348	0	0	0	0.035	0	69.9	0	1	1	0	1.115	0.030000000000015348
38.020	38.0204081632653	38.11040816326535	139	156	154	152	87.05	154	154	154	154	87.27	0	0	9.95	0	0	0	0	86	86	0	0.09000000000004604	0	0	0	1.115	0	82.1	0	1	0	1	0	0.2049999999999983
38.225	38.2254081632653	38.33040816326535	140	161	149	150	86.75	149	149	149	149	86.72	0	0	-0.48	0	0	0	0	82	82	0	0.10500000000005372	0	0	0	0.115	0	81	0	1	0	0	0	0.19500000000000028
38.420	38.4204081632653	38.44540816326531	169	193	179	179	89.89	179	179	179	179	89.82	0	0	3.19	0	0	0	0	100	100	0	0.02500000000001279	0	0	0	0.09	0	81.6	0	1	0	0	0	0.07500000000000284
38.495	38.4954081632653	38.580408163265346	89	144	112	115	82.16	144	89	89	144	86.16	-1	-8.27	-3.65	0	-8.27	8.27	0	78	19	-60	0.08500000000004349	0	0	0	0.05	0	81.6	0	1	1	0	0.67	0.08500000000004349
39.250	39.250408163265305	39.29540816326533	152	163	162	161	88.03	162	162	162	162	88.17	0	0	10.47	0	0	0	0	92	92	0	0.04500000000002302	0	0	0	0.67	0	80.3	0	1	0	1	0	0.14999999999999858
39.400	39.400408163265304	39.48540816326535	135	149	145	144	86.15	145	145	145	145	86.17	0	0	-1.91	0	0	0	0	79	79	0	0.08500000000004349	0	0	0	0.105	0	80.5	0	1	0	0	0	0.11999999999999744
39.520	39.5204081632653	39.55540816326532	120	134	132	130	84.36	132	132	132	132	84.54	0	0	-1.62	0	0	0	0	67	67	0	0.035000000000017906	0	0	0	0.035	0	78.8	0	1	0	0	0	0.10500000000000398
39.625	39.625408163265305	39.64040816326531	113	116	115	115	82.17	115	115	115	115	82.15	0	0	-2.38	0	0	0	0	50	50	0	0.015000000000007674	0	0	0	0.07	0	79.3	0	1	0	0	0	0.14999999999999858
39.775	39.775408163265304	39.86040816326535	91	97	95	95	78.9	95	95	95	95	78.84	0	0	-3.3	0	0	0	0	27	27	0	0.08500000000004349	0	0	0	0.135	0	77.2	0	1	0	0	0	0.2149999999999963
39.990	39.9904081632653	40.01040816326531	127	134	130	130	84.38	130	130	130	130	84.31	0	0	5.47	0	0	0	0	65	65	0	0.020000000000010232	0	0	0	0.13	0	77.7	0	1	0	0	0	0.03999999999999915
40.030	40.0304081632653	40.10540816326534	118	124	121	121	83.15	121	121	121	121	83.12	0	0	-1.15	0	0	0	0	56	56	0	0.07500000000003837	0	0	0	0.02	0	77	0	1	0	0	0	0.12000000000000455
40.150	40.150408163265304	40.24040816326535	81	106	88	93	78.52	106	81	81	106	80.83	-1	-4.69	-2.19	0	-4.69	4.69	0	40	7	-34	0.09000000000004604	0	0	0	0.045	0	77.2	0	1	0	0	0	0.3049999999999997
40.455	40.455408163265304	40.555408163265355	98	103	100	100	79.85	100	100	100	100	79.85	0	0	3.77	0	0	0	0	33	33	0	0.10000000000005116	0	0	0	0.215	0	78.2	0	1	0	0	0	0.14000000000000057
40.595	40.595408163265304	40.695408163265355	77	102	91	90	78	102	77	77	102	80.15	-1	-4.73	0.42	0	-4.73	4.73	0	35	1	-35	0.10000000000005116	0	0	0	0.04	0	77.1	0	1	0	0	0	0.24499999999999744
40.840	40.8404081632653	40.91040816326534	79	89	83	83	76.56	83	83	83	83	76.64	0	0	1.44	0	0	0	0	10	10	0	0.07000000000003581	0	0	0	0.145	0	73.4	0	1	1	0	0.795	0.07000000000003581
41.705	41.705408163265304	41.75540816326533	98	115	115	114	82	115	115	115	115	82.2	0	0	5.7	0	0	0	0	50	50	0	0.05000000000002558	0	0	0	0.795	0	79.7	0	1	0	1	0	0.134999999999998
41.840	41.8404081632653	41.87540816326532	108	126	117	117	82.53	117	117	117	117	82.56	0	0	0.41	0	0	0	0	52	52	0	0.035000000000017906	0	0	0	0.085	0	81.1	0	1	0	0	0	0.07500000000000284
41.915	41.915408163265305	41.995408163265346	72	87	80	80	75.99	87	77	77	87	77.36	-1	-2.02	-5.09	0	-2.02	2.02	0	16	1	-15	0.08000000000004093	0	0	0	0.04	0	73.6	0	1	1	0	0.67	0.08000000000004093
42.665	42.665408163265305	42.76040816326535	106	128	117	118	82.6	117	117	117	117	82.58	0	0	7.38	0	0	0	0	52	52	0	0.0950000000000486	0	0	0	0.67	0	79.8	0	1	0	1	0	0.17499999999999716
42.840	42.8404081632653	42.865408163265315	123	125	123	123	83.44	123	123	123	123	83.42	0	0	0.98	0	0	0	0	58	58	0	0.02500000000001279	0	0	0	0.08	0	77.7	0	1	0	0	0	0.07000000000000028
42.910	42.9104081632653	42.95040816326532	122	135	132	130	84.36	132	132	132	132	84.63	0	0	1.32	0	0	0	0	67	67	0	0.040000000000020464	0	0	0	0.045	0	81.4	0	1	0	0	0	0.13000000000000256
43.040	43.040408163265305	43.05540816326531	93	98	97	97	79.27	97	97	97	97	79.38	0	0	-5.16	0	0	0	0	29	29	0	0.015000000000007674	0	0	0	0.09	0	76.7	0	1	0	0	0	0.11999999999999744
43.160	43.1604081632653	43.225408163265335	93	100	94	95	78.98	94	94	94	94	78.71	0	0	-0.49	0	0	0	0	25	25	0	0.06500000000003325	0	0	0	0.105	0	77.3	0	1	0	0	0	0.11500000000000199
43.275	43.275408163265304	43.335408163265335	91	97	96	96	79.05	96	96	96	96	79.15	0	0	0.49	0	0	0	0	28	28	0	0.060000000000030695	0	0	0	0.05	0	75.1	0	1	0	0	0	0.17499999999999716
43.450	43.4504081632653	43.535408163265345	143	216	190	183	90.27	143	216	143	216	93.07	1	5.5	7.02	5.5	0	5.5	0	77	100	50	0.08500000000004349	0	0	0	0.115	0	78.9	0	1	1	0	0.515	0.08500000000004349
44.050	44.05040816326531	44.080408163265325	100	105	101	101	80.04	101	101	101	101	79.95	0	0	-13.11	0	0	0	0	34	34	0	0.030000000000015348	0	0	0	0.515	0	71.1	0	1	0	1	0	0.12999999999999545
44.180	44.180408163265305	44.25040816326534	143	152	146	147	86.41	146	146	146	146	86.36	0	0	6.46	0	0	0	0	79	79	0	0.07000000000003581	0	0	0	0.1	0	80.4	0	1	0	0	0	0.09499999999999886
44.275	44.275408163265304	44.30040816326532	165	170	168	168	88.75	168	168	168	168	88.77	0	0	2.49	0	0	0	0	97	97	0	0.02500000000001279	0	0	0	0.025	0	80.5	0	1	0	0	0	0.08500000000000085
44.360	44.360408163265305	44.39540816326532	146	171	159	158	87.72	159	159	159	159	87.76	0	0	-0.95	0	0	0	0	90	90	0	0.035000000000017906	0	0	0	0.06	0	79.9	0	1	0	0	0	0.10000000000000142
44.460	44.460408163265306	44.52540816326534	107	129	114	117	82.54	114	114	114	114	82.02	0	0	-5.73	0	0	0	0	49	49	0	0.06500000000003325	0	0	0	0.065	0	80.8	0	1	0	0	0	0.18499999999999517
44.645	44.6454081632653	44.74040816326535	85	121	91	96	79.09	121	85	85	121	83.13	-1	-6.16	1.14	0	-6.16	6.16	0	56	13	-44	0.0950000000000486	0	0	0	0.12	0	77	0	1	0	0	0	0.40500000000000114
45.050	45.0504081632653	45.08540816326532	106	116	113	112	81.84	113	113	113	113	81.97	0	0	5.06	0	0	0	0	48	48	0	0.035000000000017906	0	0	0	0.31	0	72.6	0	1	0	0	0	0.11999999999999744
45.170	45.1704081632653	45.260408163265346	136	143	142	141	85.75	142	142	142	142	85.8	0	0	3.96	0	0	0	0	76	76	0	0.09000000000004604	0	0	0	0.085	0	81.1	0	1	0	0	0	0.23000000000000398
45.400	45.400408163265304	45.480408163265345	110	146	115	123	83.37	146	110	110	146	86.29	-1	-4.83	0.5	0	-4.83	4.83	0	79	45	-35	0.08000000000004093	0	0	0	0.14	0	80.5	0	1	0	0	0	0.14999999999999858
45.550	45.5504081632653	45.60040816326533	100	113	104	106	80.79	104	104	104	104	80.52	0	0	-0.86	0	0	0	0	38	38	0	0.05000000000002558	0	0	0	0.07	0	78	0	1	0	0	0	0.125
45.675	45.6754081632653	45.82040816326538	107	154	112	117	82.54	107	154	107	154	87.21	1	6.25	0.56	6.25	0	6.25	0	41	86	44	0.14500000000007418	0	0	0	0.075	0	79	0	1	1	0	0.415	0.14500000000007418
46.235	46.235408163265305	46.28040816326533	115	117	116	116	82.41	116	116	116	116	82.44	0	0	-4.76	0	0	0	0	51	51	0	0.04500000000002302	0	0	0	0.415	0	80.9	0	1	0	1	0	0.07000000000000028
46.305	46.305408163265305	46.35040816326533	110	119	114	115	82.18	114	114	114	114	82.09	0	0	-0.21	0	0	0	0	49	49	0	0.04500000000002302	0	0	0	0.025	0	79.6	0	1	0	0	0	0.22999999999999687
46.535	46.5354081632653	46.65540816326536	98	117	111	110	81.48	111	111	111	111	81.68	0	0	-0.32	0	0	0	0	46	46	0	0.12000000000006139	0	0	0	0.185	0	77.9	0	1	0	0	0	0.22500000000000142
46.760	46.7604081632653	46.79540816326532	123	146	141	139	85.5	141	141	141	141	85.75	0	0	4.22	0	0	0	0	75	75	0	0.035000000000017906	0	0	0	0.105	0	81.9	0	1	0	0	0	0.11500000000000199
46.875	46.875408163265305	46.90040816326532	113	122	118	119	82.79	118	118	118	118	82.7	0	0	-2.97	0	0	0	0	53	53	0	0.02500000000001279	0	0	0	0.08	0	77.3	0	1	0	0	0	0.14000000000000057
47.015	47.015408163265306	47.10540816326535	98	103	100	100	79.88	100	100	100	100	79.88	0	0	-2.72	0	0	0	0	33	33	0	0.09000000000004604	0	0	0	0.115	0	77.3	0	1	0	0	0	0.11999999999999744
47.135	47.1354081632653	47.17040816326532	90	103	100	98	79.54	100	100	100	100	79.78	0	0	0.06	0	0	0	0	33	33	0	0.035000000000017906	0	0	0	0.03	0	75.6	0	1	0	0	0	0.08500000000000085
47.220	47.220408163265304	47.300408163265345	89	102	95	95	78.96	95	95	95	95	78.95	0	0	-0.78	0	0	0	0	27	27	0	0.08000000000004093	0	0	0	0.05	0	77.8	0	1	0	0	0	0.21999999999999886
47.440	47.4404081632653	47.500408163265334	87	91	89	89	77.8	89	89	89	89	77.87	0	0	-0.97	0	0	0	0	19	19	0	0.060000000000030695	0	0	0	0.14	0	76.8	0	1	0	0	0	0.17499999999999716
47.615	47.6154081632653	47.665408163265326	85	107	89	89	77.89	89	89	89	89	77.77	0	0	0.06	0	0	0	0	19	19	0	0.05000000000002558	0	0	0	0.115	0	75.1	0	1	0	0	0	0.15500000000000824
47.770	47.77040816326531	47.80540816326533	79	88	80	82	76.32	80	80	80	80	76.06	0	0	-1.65	0	0	0	0	6	6	0	0.035000000000017906	0	0	0	0.105	0	75.5	0	1	0	0	0	0.14499999999999602
47.915	47.915408163265305	47.95040816326532	91	108	97	98	79.47	97	97	97	97	79.37	0	0	3.51	0	0	0	0	29	29	0	0.035000000000017906	0	0	0	0.11	0	76.2	0	1	0	0	0	0.05999999999999517
47.975	47.9754081632653	48.005408163265315	83	84	84	84	76.79	84	84	84	84	76.8	0	0	-2.4	0	0	0	0	12	12	0	0.030000000000015348	0	0	0	0.025	0	73.8	0	1	0	0	0	0.07000000000000028
48.045	48.0454081632653	48.09040816326532	80	83	83	82	76.44	83	83	83	83	76.5	0	0	-0.2	0	0	0	0	10	10	0	0.04500000000002302	0	0	0	0.04	0	74.3	0	1	1	0	0.935	0.04500000000002302
49.025	49.025408163265304	49.07040816326533	101	111	107	108	81.11	107	107	107	107	81.02	0	0	4.52	0	0	0	0	41	41	0	0.04500000000002302	0	0	0	0.935	0	79.9	0	1	0	1	0	0.10999999999999943
49.135	49.1354081632653	49.23040816326535	78	106	95	94	78.83	106	78	78	106	80.85	-1	-5.35	-0.05	0	-5.35	5.35	0	40	3	-38	0.0950000000000486	0	0	0	0.065	0	78.5	0	1	1	0	0.765	0.0950000000000486
49.995	49.9954081632653	50.075408163265344	119	139	132	131	84.42	132	132	132	132	84.66	0	0	9.23	0	0	0	0	67	67	0	0.08000000000004093	0	0	0	0.765	0	81	0	1	0	1	0	0.17999999999999972
50.175	50.1754081632653	50.3704081632654	144	158	147	147	86.48	147	147	147	147	86.42	0	0	1.88	0	0	0	0	80	80	0	0.19500000000009976	0	0	0	0.1	0	80.4	0	1	1	0	0.53	0.19500000000009976
50.900	50.900408163265304	50.95540816326533	101	110	107	107	80.93	107	107	107	107	81	0	0	-5.39	0	0	0	0	41	41	0	0.05500000000002814	0	0	0	0.53	0	78.5	0	1	0	1	0	0.10000000000000142
51.000	51.000408163265305	51.03540816326532	109	122	116	117	82.48	116	116	116	116	82.37	0	0	1.47	0	0	0	0	51	51	0	0.035000000000017906	0	0	0	0.045	0	79.3	0	1	0	0	0	0.09999999999999432
51.100	51.1004081632653	51.19540816326535	109	115	113	112	81.81	113	113	113	113	81.89	0	0	-0.4	0	0	0	0	48	48	0	0.0950000000000486	0	0	0	0.065	0	80	0	1	1	0	0.515	0.0950000000000486
51.710	51.710408163265306	51.80040816326535	114	117	116	116	82.3	116	116	116	116	82.3	0	0	0.46	0	0	0	0	51	51	0	0.09000000000004604	0	0	0	0.515	0	81.5	0	1	0	1	0	0.11999999999999744
51.830	51.830408163265304	51.90540816326534	100	108	105	105	80.68	105	105	105	105	80.71	0	0	-1.58	0	0	0	0	39	39	0	0.07500000000003837	0	0	0	0.03	0	79.2	0	1	1	0	0.455	0.07500000000003837
52.360	52.360408163265305	52.47040816326536	98	106	101	102	80.12	101	101	101	101	79.96	0	0	-0.61	0	0	0	0	34	34	0	0.11000000000005627	0	0	0	0.455	0	76.3	0	1	0	1	0	0.21000000000000085
52.570	52.570408163265306	52.60040816326532	105	121	117	116	82.4	117	117	117	117	82.48	0	0	2.58	0	0	0	0	52	52	0	0.030000000000015348	0	0	0	0.1	0	79.2	0	1	0	0	0	0.10999999999999943
52.680	52.680408163265305	52.720408163265326	91	94	94	93	78.64	94	94	94	94	78.66	0	0	-3.78	0	0	0	0	25	25	0	0.040000000000020464	0	0	0	0.08	0	75.3	0	1	0	0	0	0.13000000000000256
52.810	52.81040816326531	52.885408163265346	87	98	90	92	78.35	90	90	90	90	78.01	0	0	-0.65	0	0	0	0	20	20	0	0.07500000000003837	0	0	0	0.09	0	76.2	0	1	0	0	0	0.10999999999999233
52.920	52.9204081632653	52.970408163265326	75	88	85	84	76.89	85	85	85	85	76.98	0	0	-0.92	0	0	0	0	13	13	0	0.05000000000002558	0	0	0	0.035	0	71.8	0	1	0	0	0	0.10000000000000142
53.020	53.0204081632653	53.07040816326533	75	87	84	83	76.51	84	84	84	84	76.8	0	0	-0.11	0	0	0	0	12	12	0	0.05000000000002558	0	0	0	0.05	0	74.8	0	1	1	0	1	0.05000000000002558
54.070	54.070408163265306	54.19540816326537	93	120	114	113	81.85	120	93	93	120	83.01	-1	-4.51	6.3	0	-4.51	4.51	0	55	24	-32	0.12500000000006395	0	0	0	1	0	79.4	0	1	0	1	0	0.22999999999999687
54.300	54.3004081632653	54.400408163265354	103	118	108	108	81.22	108	108	108	108	81.19	0	0	2.72	0	0	0	0	42	42	0	0.10000000000005116	0	0	0	0.105	0	79.4	0	1	0	0	0	0.13000000000000256
54.430	54.430408163265305	54.470408163265326	116	126	126	124	83.46	126	126	126	126	83.76	0	0	2.7	0	0	0	0	61	61	0	0.040000000000020464	0	0	0	0.03	0	79.1	0	1	0	0	0	0.0799999999999983
54.510	54.5104081632653	54.570408163265334	110	124	119	119	82.75	119	119	119	119	82.77	0	0	-0.96	0	0	0	0	54	54	0	0.060000000000030695	0	0	0	0.04	0	80	0	1	0	0	0	0.17499999999999716
54.685	54.6854081632653	54.72040816326532	109	142	131	129	84.15	131	131	131	131	84.51	0	0	1.77	0	0	0	0	66	66	0	0.035000000000017906	0	0	0	0.115	0	64.8	0	1	1	0	0.37	0.035000000000017906
55.090	55.0904081632653	55.11040816326531	113	114	114	114	82.01	114	114	114	114	82.01	0	0	-2.39	0	0	0	0	49	49	0	0.020000000000010232	0	0	0	0.37	0	77.9	0	1	0	1	0	0.045000000000001705
55.135	55.1354081632653	55.15040816326531	109	109	109	109	81.32	109	109	109	109	81.32	0	0	-0.67	0	0	0	0	44	44	0	0.015000000000007674	0	0	0	0.025	0	77.4	0	1	0	0	0	0.04999999999999716
55.185	55.1854081632653	55.310408163265365	118	131	124	124	83.51	124	124	124	124	83.45	0	0	2.24	0	0	0	0	59	59	0	0.12500000000006395	0	0	0	0.035	0	79.7	0	1	0	0	0	0.19500000000000028
55.380	55.3804081632653	55.45540816326534	133	137	135	135	84.99	135	135	135	135	84.99	0	0	1.54	0	0	0	0	70	70	0	0.07500000000003837	0	0	0	0.07	0	81.8	0	1	0	0	0	0.14000000000000057
55.520	55.5204081632653	55.62040816326535	102	128	121	119	82.82	128	102	102	128	84.09	-1	-4.02	-0.83	0	-4.02	4.02	0	63	35	-28	0.10000000000005116	0	0	0	0.065	0	79.9	0	1	0	0	0	0.23499999999999943
55.755	55.7554081632653	55.785408163265316	106	110	110	109	81.36	110	110	110	110	81.46	0	0	1.39	0	0	0	0	45	45	0	0.030000000000015348	0	0	0	0.135	0	78.1	0	1	0	0	0	0.06500000000000483
55.820	55.820408163265306	55.855408163265324	115	119	116	117	82.52	116	116	116	116	82.43	0	0	1.05	0	0	0	0	51	51	0	0.035000000000017906	0	0	0	0.035	0	79.7	0	1	0	0	0	0.07000000000000028
55.890	55.890408163265306	55.92040816326532	103	110	107	107	81.01	107	107	107	107	80.91	0	0	-1.39	0	0	0	0	41	41	0	0.030000000000015348	0	0	0	0.035	0	77.6	0	1	0	0	0	0.18999999999999773
56.080	56.080408163265304	56.11540816326532	98	99	99	99	79.59	99	99	99	99	79.58	0	0	-1.32	0	0	0	0	32	32	0	0.035000000000017906	0	0	0	0.16	0	75.1	0	1	0	0	0	0.18500000000000227
56.265	56.265408163265306	56.340408163265344	94	103	95	97	79.21	95	95	95	95	78.9	0	0	-0.65	0	0	0	0	27	27	0	0.07500000000003837	0	0	0	0.15	0	77	0	1	0	0	0	0.11999999999999744
56.385	56.3854081632653	56.425408163265324	95	103	101	101	79.96	101	101	101	101	80	0	0	1.16	0	0	0	0	34	34	0	0.040000000000020464	0	0	0	0.045	0	75.8	0	1	0	0	0	0.13000000000000256
56.515	56.515408163265306	56.60040816326535	175	205	189	188	90.75	176	205	176	205	92.18	1	2.62	9.66	2.62	0	2.62	0	100	100	18	0.08500000000004349	0	0	0	0.09	0	79.6	0	1	1	0	0.63	0.08500000000004349
57.230	57.2304081632653	57.30040816326534	131	135	133	134	84.81	133	133	133	133	84.78	0	0	-7.37	0	0	0	0	68	68	0	0.07000000000003581	0	0	0	0.63	0	79.6	0	1	0	1	0	0.20000000000000284
57.430	57.430408163265305	57.470408163265326	162	169	165	165	88.44	165	165	165	165	88.45	0	0	3.79	0	0	0	0	95	95	0	0.040000000000020464	0	0	0	0.13	0	83.6	0	1	0	0	0	0.11999999999999744
57.550	57.5504081632653	57.58040816326532	140	165	155	154	87.23	155	155	155	155	87.35	0	0	-1.05	0	0	0	0	87	87	0	0.030000000000015348	0	0	0	0.08	0	81.4	0	1	0	0	0	0.060000000000002274
57.610	57.610408163265305	57.71540816326536	110	128	120	119	82.82	120	120	120	120	82.91	0	0	-4.41	0	0	0	0	55	55	0	0.10500000000005372	0	0	0	0.03	0	79.1	0	1	0	0	0	0.14000000000000057
57.750	57.750408163265305	57.80040816326533	100	114	109	109	81.22	109	109	109	109	81.25	0	0	-1.64	0	0	0	0	44	44	0	0.05000000000002558	0	0	0	0.035	0	79.5	0	1	0	0	0	0.14499999999999602
57.895	57.8954081632653	57.97540816326534	99	112	103	105	80.6	103	103	103	103	80.32	0	0	-0.9	0	0	0	0	37	37	0	0.08000000000004093	0	0	0	0.095	0	79.8	0	1	0	0	0	0.11500000000000199
58.010	58.0104081632653	58.05540816326533	93	97	97	96	79.05	97	97	97	97	79.23	0	0	-1.01	0	0	0	0	29	29	0	0.04500000000002302	0	0	0	0.035	0	75.7	0	1	0	0	0	0.15500000000000114
58.165	58.165408163265305	58.21040816326533	80	107	96	95	78.91	107	80	80	107	80.98	-1	-4.91	1.78	0	-4.91	4.91	0	41	6	-36	0.04500000000002302	0	0	0	0.11	0	77.5	0	1	1	0	0.39	0.04500000000002302
58.600	58.6004081632653	58.710408163265356	108	117	113	113	81.96	113	113	113	113	81.97	0	0	6.11	0	0	0	0	48	48	0	0.11000000000005627	0	0	0	0.39	0	80.4	0	1	0	1	0	0.25500000000000256
58.855	58.8554081632653	58.880408163265315	116	124	120	120	83.01	120	120	120	120	83.01	0	0	1.17	0	0	0	0	55	55	0	0.02500000000001279	0	0	0	0.145	0	78	0	1	0	0	0	0.054999999999999716
58.910	58.9104081632653	59.1004081632654	79	113	91	94	78.68	113	79	79	113	81.98	-1	-6.18	-0.9	0	-6.18	6.18	0	48	4	-44	0.1900000000000972	0	0	0	0.03	0	76.8	0	1	0	0	0	0.3049999999999997
59.215	59.2154081632653	59.30540816326535	81	92	84	85	77.04	84	84	84	84	76.85	0	0	1.2	0	0	0	0	12	12	0	0.09000000000004604	0	0	0	0.115	0	71.4	0	1	0	0	0	0.14000000000000057
59.355	59.3554081632653	59.400408163265325	76	83	82	82	76.29	82	82	82	82	76.37	0	0	-0.34	0	0	0	0	9	9	0	0.04500000000002302	0	0	0	0.05	0	69.9	0	1	1	0	1.635	0.04500000000002302
61.035	61.0354081632653	61.16540816326537	114	145	144	140	85.66	145	114	114	145	86.26	-1	-4.2	9.96	0	-4.2	4.2	0	79	49	-30	0.1300000000000665	0	0	0	1.635	0	81	0	1	0	1	0	0.23499999999999943
61.270	61.2704081632653	61.36040816326535	131	147	135	137	85.21	135	135	135	135	85.01	0	0	3.02	0	0	0	0	70	70	0	0.09000000000004604	0	0	0	0.105	0	80.2	0	1	0	0	0	0.12000000000000455
61.390	61.390408163265306	61.425408163265324	161	164	163	163	88.24	163	163	163	163	88.27	0	0	3.35	0	0	0	0	93	93	0	0.035000000000017906	0	0	0	0.03	0	81.3	0	1	0	0	0	0.0799999999999983
61.470	61.470408163265304	61.56540816326535	86	145	114	114	82.01	145	86	86	145	86.18	-1	-9.06	-2.01	0	-9.06	9.06	0	79	15	-65	0.0950000000000486	0	0	0	0.045	0	81.7	0	1	0	0	0	0.4450000000000003
61.915	61.915408163265305	61.95040816326532	108	132	120	120	82.9	120	120	120	120	82.91	0	0	5.79	0	0	0	0	55	55	0	0.035000000000017906	0	0	0	0.35	0	72.7	0	1	0	0	0	0.14499999999999602
62.060	62.0604081632653	62.12040816326533	131	146	142	141	85.72	142	142	142	142	85.83	0	0	2.95	0	0	0	0	76	76	0	0.060000000000030695	0	0	0	0.11	0	79.4	0	1	0	0	0	0.08500000000000085
62.145	62.1454081632653	62.170408163265314	153	156	155	155	87.33	155	155	155	155	87.35	0	0	1.56	0	0	0	0	87	87	0	0.02500000000001279	0	0	0	0.025	0	79.6	0	1	0	0	0	0.09000000000000341
62.235	62.235408163265305	62.275408163265325	154	172	163	163	88.22	163	163	163	163	88.26	0	0	0.94	0	0	0	0	93	93	0	0.040000000000020464	0	0	0	0.065	0	80.6	0	1	0	0	0	0.11999999999999744
62.355	62.3554081632653	62.39040816326532	129	136	132	132	84.6	132	132	132	132	84.59	0	0	-3.6	0	0	0	0	67	67	0	0.035000000000017906	0	0	0	0.08	0	80.6	0	1	0	0	0	0.14000000000000057
62.495	62.4954081632653	62.53040816326532	112	141	124	125	83.65	124	124	124	124	83.55	0	0	-0.99	0	0	0	0	59	59	0	0.035000000000017906	0	0	0	0.105	0	78.9	0	1	0	0	0	0.10000000000000142
62.595	62.595408163265304	62.65040816326533	93	110	105	105	80.59	105	105	105	105	80.58	0	0	-2.87	0	0	0	0	39	39	0	0.05500000000002814	0	0	0	0.065	0	79.2	0	1	0	0	0	0.10999999999999943
62.705	62.705408163265304	62.73040816326532	102	107	106	105	80.69	106	106	106	106	80.74	0	0	0.17	0	0	0	0	40	40	0	0.02500000000001279	0	0	0	0.055	0	78.7	0	1	0	0	0	0.11999999999999744
62.825	62.8254081632653	62.94540816326536	101	111	106	106	80.86	106	106	106	106	80.82	0	0	0.09	0	0	0	0	40	40	0	0.12000000000006139	0	0	0	0.095	0	79.2	0	1	0	0	0	0.2850000000000037
63.110	63.110408163265305	63.18040816326534	91	101	94	95	78.96	94	94	94	94	78.67	0	0	-2.07	0	0	0	0	25	25	0	0.07000000000003581	0	0	0	0.165	0	76.7	0	1	0	0	0	0.10499999999999687
63.215	63.2154081632653	63.25540816326532	105	109	109	108	81.19	109	109	109	109	81.26	0	0	2.6	0	0	0	0	44	44	0	0.040000000000020464	0	0	0	0.035	0	78.7	0	1	0	0	0	0.17500000000000426
63.390	63.390408163265306	63.41540816326532	107	110	110	109	81.33	110	110	110	110	81.38	0	0	0.17	0	0	0	0	45	45	0	0.02500000000001279	0	0	0	0.135	0	77.1	0	1	0	0	0	0.10499999999999687
63.495	63.4954081632653	63.60040816326536	90	98	97	95	78.93	97	97	97	97	79.25	0	0	-2.13	0	0	0	0	29	29	0	0.10500000000005372	0	0	0	0.08	0	78	0	1	0	0	0	0.1600000000000037
63.655	63.65540816326531	63.69540816326533	91	95	95	94	78.76	95	95	95	95	78.86	0	0	-0.34	0	0	0	0	27	27	0	0.040000000000020464	0	0	0	0.055	0	77.6	0	1	0	0	0	0.06499999999999773
63.720	63.720408163265304	63.820408163265355	77	96	88	87	77.4	96	77	77	96	79.16	-1	-3.92	0.32	0	-3.92	3.92	0	28	1	-28	0.10000000000005116	0	0	0	0.025	0	76.8	0	1	1	0	0.545	0.10000000000005116
64.365	64.3654081632653	64.42540816326525	115	130	118	120	82.98	118	118	118	118	82.67	0	0	7.47	0	0	0	0	53	53	0	0.05999999999994543	0	0	0	0.545	0	80.2	0	1	0	1	0	0.09499999999999886
64.460	64.4604081632653	64.52040816326524	128	134	133	133	84.68	133	133	133	133	84.76	0	0	2.17	0	0	0	0	68	68	0	0.05999999999994543	0	0	0	0.035	0	81.5	0	1	0	0	0	0.1700000000000017
64.630	64.6304081632653	64.68540816326525	89	111	98	97	79.34	98	98	98	98	79.43	0	0	-5.23	0	0	0	0	31	31	0	0.05499999999994998	0	0	0	0.11	0	79.7	0	1	0	0	0	0.0799999999999983
64.710	64.7104081632653	64.78540816326523	86	92	91	90	77.93	91	91	91	91	78.13	0	0	-1.25	0	0	0	0	21	21	0	0.07499999999993179	0	0	0	0.025	0	77	0	1	0	0	0	0.17499999999999716
64.885	64.8854081632653	64.91040816326527	95	107	106	104	80.44	106	106	106	106	80.82	0	0	2.73	0	0	0	0	40	40	0	0.024999999999977263	0	0	0	0.1	0	78.1	0	1	0	0	0	0.060000000000002274
64.945	64.9454081632653	64.98040816326527	95	109	105	103	80.33	105	105	105	105	80.58	0	0	-0.15	0	0	0	0	39	39	0	0.03499999999996817	0	0	0	0.035	0	77.1	0	1	0	0	0	0.10500000000000398
65.050	65.0504081632653	65.12540816326523	90	113	104	102	80.22	104	104	104	104	80.42	0	0	-0.15	0	0	0	0	38	38	0	0.07499999999993179	0	0	0	0.07	0	78.9	0	1	0	0	0	0.17499999999999716
65.225	65.2254081632653	65.26540816326526	71	93	87	87	77.37	87	87	87	87	77.51	0	0	-2.89	0	0	0	0	16	16	0	0.03999999999996362	0	0	0	0.1	0	74.4	0	1	0	0	0	0.1599999999999966
65.385	65.3854081632653	65.45540816326523	79	113	90	91	78.13	113	84	84	113	81.88	-1	-5.18	4.57	0	-5.18	5.18	0	48	12	-37	0.06999999999993634	0	0	0	0.12	0	77	0	1	0	0	0	0.23500000000001364
65.620	65.62040816326531	65.70040816326524	73	99	83	84	76.9	99	73	73	99	79.67	-1	-5.34	2.96	0	-5.34	5.34	0	32	0	-38	0.07999999999992724	0	0	0	0.165	0	76	0	1	0	0	0	0.13999999999998636
65.760	65.7604081632653	65.80040816326526	81	101	88	89	77.71	88	88	88	88	77.61	0	0	3.33	0	0	0	0	17	17	0	0.03999999999996362	0	0	0	0.06	0	72.8	0	1	0	0	0	0.12000000000000455
65.880	65.8804081632653	65.91540816326527	84	90	86	87	77.41	86	86	86	86	77.24	0	0	-0.27	0	0	0	0	15	15	0	0.03499999999996817	0	0	0	0.08	0	69.7	0	1	1	0	0.555	0.03499999999996817
