rowLabel	nucl_t1	nucl_t2	f0_min	f0_max	f0_median	f0_mean	f0_meanST	f0_start	f0_end	lopitch	hipitch	hipitchST	dynamic	intrasyllab	intersyllab	up	down	trajectory	f0_discont	prnp_start	prnp_end	prnp_intra	nucl_dur	syll_dur	vowel_dur	rhyme_dur	gap_left	loudness	int_peak	hesitation	speaker_id	before_pause	after_pause	pause_dur	iso_dur
0.819	0.8191213151927417	0.8941213151927417	104	116	111	111	81.62	111	111	111	111	81.63	0	0	0	0	0	0	0	46	46	0	0.07500000000000007	0	0	0	0.8191	0	80.5	0	1	0	1	0	0.22999999999999998
1.049	1.0491213151927417	1.1441213151927396	100	104	103	102	80.18	103	103	103	103	80.36	0	0	-1.17	0	0	0	0	37	37	0	0.09499999999999797	0	0	0	0.155	0	79.4	0	1	0	0	0	0.1499999999999999
1.199	1.1991213151927416	1.26912131519274	91	115	105	103	80.35	105	105	105	105	80.66	0	0	0.42	0	0	0	0	39	39	0	0.06999999999999851	0	0	0	0.055	0	80.6	0	1	0	0	0	0.09000000000000008
1.289	1.2891213151927416	1.3441213151927405	85	88	87	87	77.33	87	87	87	87	77.38	0	0	-3.19	0	0	0	0	15	15	0	0.05499999999999883	0	0	0	0.02	0	78	0	1	0	0	0	0.19499999999999984
1.484	1.4841213151927415	1.5141213151927408	87	108	94	96	79.08	94	94	94	94	78.75	0	0	1.44	0	0	0	0	25	25	0	0.02999999999999936	0	0	0	0.14	0	77.2	0	1	0	0	0	0.09499999999999997
1.579	1.5791213151927415	1.6141213151927407	97	105	104	102	80.11	104	104	104	104	80.42	0	0	1.76	0	0	0	0	38	38	0	0.034999999999999254	0	0	0	0.065	0	79.1	0	1	0	0	0	0.15500000000000003
1.734	1.7341213151927415	1.754121315192741	82	93	90	88	77.56	90	90	90	90	77.93	0	0	-2.47	0	0	0	0	19	19	0	0.019999999999999574	0	0	0	0.12	0	74.8	0	1	0	0	0	0.18000000000000016
1.914	1.9141213151927416	1.99412131519274	79	93	84	85	77.02	84	84	84	84	76.83	0	0	-1.07	0	0	0	0	11	11	0	0.0799999999999983	0	0	0	0.16	0	77.1	0	1	0	0	0	0.11999999999999988
2.034	2.0341213151927415	2.149121315192739	128	233	208	194	91.24	128	233	128	233	94.37	1	9.44	7.41	9.44	0	9.44	0	64	100	76	0.11499999999999755	0	0	0	0.04	0	77.6	0	1	1	0	0.835	0.11499999999999755
2.984	2.9841213151927417	3.0391213151927405	100	104	104	102	80.21	104	104	104	104	80.43	0	0	-13.94	0	0	0	0	38	38	0	0.05499999999999883	0	0	0	0.835	0	80.5	0	1	0	1	0	0.08499999999999996
3.069	3.0691213151927417	3.104121315192741	104	108	105	106	80.76	105	105	105	105	80.71	0	0	0.3	0	0	0	0	39	39	0	0.034999999999999254	0	0	0	0.03	0	80.3	0	1	0	0	0	0.19999999999999973
3.269	3.2691213151927414	3.3041213151927407	83	97	89	87	77.36	89	89	89	89	77.77	0	0	-2.8	0	0	0	0	18	18	0	0.034999999999999254	0	0	0	0.165	0	75.3	0	1	1	0	1.48	0.034999999999999254
4.784	4.784121315192742	4.844121315192741	138	148	145	144	86.13	145	145	145	145	86.21	0	0	8.5	0	0	0	0	80	80	0	0.05999999999999872	0	0	0	1.48	0	83.4	0	1	0	1	0	0.14500000000000046
4.929	4.929121315192742	4.984121315192741	136	178	157	159	87.79	157	157	157	157	87.56	0	0	1.41	0	0	0	0	90	90	0	0.05499999999999883	0	0	0	0.085	0	81.1	0	1	0	0	0	0.10499999999999954
5.034	5.034121315192742	5.11412131519274	128	144	132	133	84.77	132	132	132	132	84.55	0	0	-2.99	0	0	0	0	68	68	0	0.0799999999999983	0	0	0	0.05	0	81.9	0	1	0	0	0	0.20500000000000007
5.239	5.239121315192742	5.299121315192741	93	114	107	105	80.64	107	107	107	107	80.98	0	0	-3.56	0	0	0	0	41	41	0	0.05999999999999872	0	0	0	0.125	0	80.5	0	1	0	0	0	0.125
5.364	5.364121315192742	5.414121315192741	93	95	94	94	78.69	94	94	94	94	78.66	0	0	-2.23	0	0	0	0	25	25	0	0.049999999999998934	0	0	0	0.065	0	77.4	0	1	0	0	0	0.07500000000000018
5.439	5.439121315192742	5.504121315192741	91	99	93	94	78.68	93	93	93	93	78.52	0	0	-0.14	0	0	0	0	24	24	0	0.06499999999999861	0	0	0	0.025	0	77.3	0	1	0	0	0	0.1899999999999995
5.629	5.629121315192742	5.70412131519274	87	101	90	91	78.16	90	90	90	90	77.95	0	0	-0.52	0	0	0	0	19	19	0	0.0749999999999984	0	0	0	0.125	0	76.1	0	1	0	0	0	0.11500000000000021
5.744	5.744121315192742	5.81912131519274	67	98	85	83	76.61	98	67	67	98	79.47	-1	-6.48	1.56	0	-6.48	6.48	0	30	0	-49	0.0749999999999984	0	0	0	0.04	0	75.1	0	1	0	0	0	0.15000000000000036
5.894	5.894121315192742	5.909121315192742	79	85	81	81	76.16	81	81	81	81	76.2	0	0	3.41	0	0	0	1	6	6	0	0.01499999999999968	0	0	0	0.075	0	63.4	0	1	1	0	0.72	0.01499999999999968
6.629	6.629121315192742	6.71912131519274	86	115	94	95	79	115	86	86	115	82.16	-1	-4.94	6.09	0	-4.94	4.94	0	51	14	-37	0.08999999999999808	0	0	0	0.72	0	68.3	0	1	0	1	0	0.19500000000000028
6.824	6.824121315192742	6.879121315192741	133	143	141	140	85.65	141	141	141	141	85.78	0	0	8.67	0	0	0	0	77	77	0	0.05499999999999883	0	0	0	0.105	0	81.3	0	1	0	0	0	0.16000000000000014
6.984	6.984121315192742	7.0591213151927406	122	162	144	143	85.92	162	122	122	162	88.14	-1	-4.97	2.47	0	-4.97	4.97	0	94	58	-37	0.0749999999999984	0	0	0	0.105	0	82.3	0	1	0	0	0	0.17999999999999972
7.164	7.164121315192742	7.24912131519274	96	126	112	111	81.66	126	96	96	126	83.81	-1	-4.75	0.65	0	-4.75	4.75	0	62	28	-35	0.08499999999999819	0	0	0	0.105	0	80.3	0	1	0	0	0	0.1900000000000004
7.354	7.354121315192742	7.414121315192741	94	116	107	106	80.8	107	107	107	107	80.9	0	0	1.88	0	0	0	0	41	41	0	0.05999999999999872	0	0	0	0.105	0	81.1	0	1	0	0	0	0.1349999999999998
7.489	7.489121315192742	7.519121315192741	86	111	97	96	79.03	97	97	97	97	79.32	0	0	-1.58	0	0	0	0	29	29	0	0.02999999999999936	0	0	0	0.075	0	78.5	0	1	0	0	0	0.04999999999999982
7.539	7.539121315192742	7.599121315192741	83	93	89	88	77.6	89	89	89	89	77.72	0	0	-1.47	0	0	0	0	18	18	0	0.05999999999999872	0	0	0	0.02	0	77.8	0	1	0	0	0	0.11000000000000032
7.649	7.649121315192742	7.709121315192741	83	91	90	89	77.8	90	90	90	90	78.09	0	0	0.38	0	0	0	0	19	19	0	0.05999999999999872	0	0	0	0.05	0	75.7	0	1	0	0	0	0.15000000000000036
7.799	7.7991213151927425	7.949121315192739	95	99	98	97	79.35	98	98	98	98	79.41	0	0	1.51	0	0	0	0	30	30	0	0.1499999999999968	0	0	0	0.09	0	78.5	0	1	0	0	0	0.22000000000000064
8.019	8.019121315192743	8.134121315192761	111	174	148	145	86.17	111	174	111	174	89.38	1	6.41	2.24	6.41	0	6.41	0	46	100	57	0.11500000000001798	0	0	0	0.07	0	76.9	0	1	1	0	1.015	0.11500000000001798
9.149	9.149121315192742	9.234121315192755	133	150	146	144	86.09	146	146	146	146	86.3	0	0	-3.01	0	0	0	0	81	81	0	0.08500000000001329	0	0	0	1.015	0	81.5	0	1	0	1	0	0.1899999999999995
9.339	9.339121315192742	9.369121315192746	155	179	164	166	88.58	164	164	164	164	88.34	0	0	2.06	0	0	0	0	96	96	0	0.03000000000000469	0	0	0	0.105	0	81.6	0	1	0	0	0	0.15500000000000114
9.494	9.494121315192743	9.549121315192751	115	134	130	129	84.15	130	130	130	130	84.38	0	0	-3.91	0	0	0	0	66	66	0	0.0550000000000086	0	0	0	0.125	0	80	0	1	0	0	0	0.11500000000000021
9.609	9.609121315192743	9.634121315192747	101	112	108	109	81.32	108	108	108	108	81.21	0	0	-3.06	0	0	0	0	43	43	0	0.025000000000003908	0	0	0	0.06	0	79.4	0	1	0	0	0	0.054999999999999716
9.664	9.664121315192743	9.71412131519275	84	93	89	88	77.71	89	89	89	89	77.73	0	0	-3.33	0	0	0	0	18	18	0	0.050000000000007816	0	0	0	0.03	0	77.8	0	1	0	0	0	0.10999999999999943
9.774	9.774121315192742	9.82912131519275	87	93	92	91	78.26	92	92	92	92	78.39	0	0	0.68	0	0	0	0	22	22	0	0.0550000000000086	0	0	0	0.06	0	77.2	0	1	0	0	0	0.16999999999999993
9.944	9.944121315192742	10.074121315192762	94	102	101	99	79.71	101	101	101	101	79.97	0	0	1.68	0	0	0	0	34	34	0	0.13000000000002032	0	0	0	0.115	0	79	0	1	0	0	0	0.2550000000000008
10.199	10.199121315192743	10.30412131519276	115	152	140	136	85.06	115	152	115	152	86.98	1	4.8	2.27	4.8	0	4.8	0	51	86	35	0.10500000000001641	0	0	0	0.125	0	75.6	0	1	1	0	0.795	0.10500000000001641
11.099	11.099121315192741	11.194121315192756	111	121	117	117	82.5	117	117	117	117	82.52	0	0	-4.45	0	0	0	0	53	53	0	0.09500000000001485	0	0	0	0.795	0	80	0	1	0	1	0	0.13000000000000078
11.229	11.229121315192742	11.27412131519275	109	115	114	113	81.88	114	114	114	114	82.04	0	0	-0.4	0	0	0	0	49	49	0	0.045000000000007034	0	0	0	0.035	0	80.7	0	1	0	0	0	0.29499999999999993
11.524	11.524121315192742	11.589121315192752	146	158	151	152	87.01	151	151	151	151	86.94	0	0	4.94	0	0	0	0	85	85	0	0.06500000000001016	0	0	0	0.25	0	83.1	0	1	0	0	0	0.16000000000000014
11.684	11.684121315192742	11.719121315192748	144	173	153	155	87.33	153	153	153	153	87.2	0	0	0.34	0	0	0	0	87	87	0	0.03500000000000547	0	0	0	0.095	0	81.6	0	1	0	0	0	0.11999999999999922
11.804	11.804121315192742	11.894121315192756	117	133	123	125	83.59	123	123	123	123	83.45	0	0	-3.64	0	0	0	0	59	59	0	0.09000000000001407	0	0	0	0.085	0	80.4	0	1	0	0	0	0.16000000000000014
11.964	11.964121315192742	12.009121315192749	112	135	125	124	83.45	125	125	125	125	83.64	0	0	0.33	0	0	0	0	61	61	0	0.045000000000007034	0	0	0	0.07	0	79.3	0	1	0	0	0	0.10000000000000142
12.064	12.064121315192743	12.124121315192752	92	105	98	99	79.66	98	98	98	98	79.54	0	0	-4.05	0	0	0	0	30	30	0	0.06000000000000938	0	0	0	0.055	0	80.3	0	1	0	0	0	0.08999999999999986
12.154	12.154121315192743	12.219121315192753	82	94	89	90	77.92	89	89	89	89	77.83	0	0	-1.54	0	0	0	0	18	18	0	0.06500000000001016	0	0	0	0.03	0	78.8	0	1	0	0	0	0.15499999999999936
12.309	12.309121315192742	12.374121315192752	98	101	98	99	79.64	98	98	98	98	79.55	0	0	1.84	0	0	0	0	30	30	0	0.06500000000001016	0	0	0	0.09	0	79.9	0	1	0	0	0	0.09999999999999964
12.409	12.409121315192742	12.444121315192747	113	114	114	114	82.08	114	114	114	114	82.08	0	0	2.71	0	0	0	0	49	49	0	0.03500000000000547	0	0	0	0.035	0	80.1	0	1	0	0	0	0.11500000000000021
12.524	12.524121315192742	12.564121315192748	103	112	108	108	81.13	108	108	108	108	81.2	0	0	-0.79	0	0	0	0	43	43	0	0.04000000000000625	0	0	0	0.08	0	79.7	0	1	0	0	0	0.16500000000000092
12.689	12.689121315192743	12.869121315192771	88	93	90	90	78	90	90	90	90	77.95	0	0	-3.11	0	0	0	0	19	19	0	0.18000000000002814	0	0	0	0.125	0	77.3	0	1	0	0	0	0.21499999999999986
12.904	12.904121315192743	12.999121315192758	81	89	86	86	77.29	86	86	86	86	77.29	0	0	-0.61	0	0	0	0	14	14	0	0.09500000000001485	0	0	0	0.035	0	76.8	0	1	0	0	0	0.16000000000000014
13.064	13.064121315192743	13.159121315192758	75	89	84	84	76.75	84	84	84	84	76.79	0	0	-0.33	0	0	0	0	11	11	0	0.09500000000001485	0	0	0	0.065	0	76.1	0	1	0	0	0	0.125
13.189	13.189121315192743	13.274121315192756	80	119	92	93	78.5	83	119	83	119	82.74	1	6.17	-0.14	6.17	0	6.17	0	9	55	45	0.08500000000001329	0	0	0	0.03	0	68.8	0	1	1	0	0.665	0.08500000000001329
13.939	13.939121315192743	13.97912131519275	121	123	123	123	83.32	123	123	123	123	83.36	0	0	0.63	0	0	0	0	59	59	0	0.04000000000000625	0	0	0	0.665	0	80.6	0	1	0	1	0	0.11499999999999844
14.054	14.054121315192742	14.114121315192751	118	140	128	129	84.19	128	128	128	128	84.12	0	0	0.81	0	0	0	0	64	64	0	0.06000000000000938	0	0	0	0.075	0	81.6	0	1	0	0	0	0.14500000000000135
14.199	14.199121315192743	14.23912131519275	83	98	89	91	78.1	89	89	89	89	77.75	0	0	-6.25	0	0	0	0	18	18	0	0.04000000000000625	0	0	0	0.085	0	78.4	0	1	0	0	0	0.24499999999999922
14.444	14.444121315192742	14.459121315192744	94	98	95	95	79	95	95	95	95	78.96	0	0	1.25	0	0	0	0	26	26	0	0.015000000000002345	0	0	0	0.205	0	78.6	0	1	0	0	0	0.1750000000000007
14.619	14.619121315192743	14.684121315192753	80	85	84	83	76.68	84	84	84	84	76.79	0	0	-2.05	0	0	0	0	11	11	0	0.06500000000001016	0	0	0	0.16	0	73.6	0	1	0	0	0	0.16000000000000014
14.779	14.779121315192743	14.809121315192748	85	92	91	90	77.94	91	91	91	91	78.11	0	0	1.41	0	0	0	0	21	21	0	0.03000000000000469	0	0	0	0.095	0	76.5	0	1	0	0	0	0.17499999999999893
14.954	14.954121315192742	14.999121315192749	70	80	72	73	74.45	72	72	72	72	74.2	0	0	-3.89	0	0	0	0	0	0	0	0.045000000000007034	0	0	0	0.145	0	71.2	0	1	0	0	0	0.08999999999999986
15.044	15.044121315192742	15.09912131519275	101	124	118	116	82.41	101	124	101	124	83.47	1	3.48	5.95	3.48	0	3.48	0	34	60	26	0.0550000000000086	0	0	0	0.045	0	63.1	0	1	1	0	0.52	0.0550000000000086
15.619	15.619121315192743	15.694121315192755	89	99	94	94	78.73	94	94	94	94	78.72	0	0	-4.73	0	0	0	0	25	25	0	0.07500000000001172	0	0	0	0.52	0	78.4	0	1	0	1	0	0.2400000000000002
15.859	15.859121315192743	15.90912131519275	71	81	78	78	75.51	78	78	78	78	75.55	0	0	-3.11	0	0	0	0	1	1	0	0.050000000000007816	0	0	0	0.165	0	73.1	0	1	0	0	0	0.22499999999999964
16.084	16.084121315192743	16.119121315192736	86	96	93	92	78.29	93	93	93	93	78.5	0	0	3.08	0	0	0	0	24	24	0	0.03499999999999304	0	0	0	0.175	0	75.1	0	1	0	0	0	0.125
16.209	16.209121315192743	16.299121315192725	73	88	79	80	76.08	88	73	73	88	77.58	-1	-3.2	-0.89	0	-3.2	3.2	0	17	0	-24	0.0899999999999821	0	0	0	0.09	0	74.9	0	1	1	0	1.945	0.0899999999999821
18.244	18.244121315192743	18.329121315192726	125	139	137	136	85.15	137	137	137	137	85.2	0	0	10.92	0	0	0	0	73	73	0	0.08499999999998309	0	0	0	1.945	0	81.2	0	1	0	1	0	0.14999999999999858
18.394	18.39412131519274	18.44412131519273	116	119	118	118	82.63	118	118	118	118	82.61	0	0	-2.56	0	0	0	0	54	54	0	0.04999999999999005	0	0	0	0.065	0	79.2	0	1	0	0	0	0.1650000000000027
18.559	18.559121315192744	18.604121315192735	154	164	164	162	88.08	164	164	164	164	88.3	0	0	5.71	0	0	0	0	96	96	0	0.04499999999999105	0	0	0	0.115	0	83.2	0	1	0	0	0	0.07499999999999929
18.634	18.634121315192743	18.719121315192726	137	160	155	153	87.14	155	155	155	155	87.35	0	0	-0.94	0	0	0	0	89	89	0	0.08499999999998309	0	0	0	0.03	0	82.5	0	1	0	0	0	0.15499999999999758
18.789	18.78912131519274	18.879121315192723	103	131	112	114	82.01	131	103	103	131	84.45	-1	-4.07	-2.87	0	-4.07	4.07	0	67	37	-31	0.0899999999999821	0	0	0	0.07	0	81.4	0	1	0	0	0	0.20000000000000284
18.989	18.989121315192744	19.01412131519274	107	129	128	121	83.13	128	128	128	128	84.11	0	0	3.87	0	0	0	0	64	64	0	0.024999999999995026	0	0	0	0.11	0	79.3	0	1	0	0	0	0.03999999999999915
19.029	19.029121315192743	19.13912131519272	79	113	97	95	78.97	113	79	79	113	81.88	-1	-6.17	-2.12	0	-6.17	6.17	0	48	3	-46	0.10999999999997812	0	0	0	0.015	0	80.5	0	1	0	0	0	0.23000000000000043
19.259	19.259121315192743	19.294121315192736	107	119	112	111	81.69	112	112	112	112	81.76	0	0	6.12	0	0	0	0	47	47	0	0.03499999999999304	0	0	0	0.12	0	79.9	0	1	0	0	0	0.06499999999999773
19.324	19.32412131519274	19.409121315192724	96	111	105	105	80.66	105	105	105	105	80.71	0	0	-0.98	0	0	0	0	39	39	0	0.08499999999998309	0	0	0	0.03	0	78.7	0	1	0	0	0	0.13000000000000256
19.454	19.454121315192744	19.57912131519272	98	138	102	108	81.15	99	138	99	138	85.35	1	4.75	-0.93	4.75	0	4.75	0	32	74	42	0.12499999999997513	0	0	0	0.045	0	75.5	0	1	1	0	0.58	0.12499999999997513
20.159	20.159121315192742	20.209121315192732	94	98	97	97	79.23	97	97	97	97	79.27	0	0	-6.03	0	0	0	0	29	29	0	0.04999999999999005	0	0	0	0.58	0	79.1	0	1	0	1	0	0.08999999999999986
20.249	20.249121315192742	20.299121315192732	97	104	104	103	80.29	104	104	104	104	80.43	0	0	1.24	0	0	0	0	38	38	0	0.04999999999999005	0	0	0	0.04	0	79.9	0	1	0	0	0	0.16499999999999915
20.414	20.41412131519274	20.484121315192727	84	107	89	91	78.1	89	89	89	89	77.72	0	0	-2.69	0	0	0	0	18	18	0	0.06999999999998607	0	0	0	0.115	0	77.3	0	1	0	0	0	0.125
20.539	20.53912131519274	20.659121315192717	84	114	91	93	78.63	88	114	88	114	82.11	1	4.4	-0.004	4.4	0	4.4	0	17	49	32	0.11999999999997613	0	0	0	0.055	0	72.8	0	1	1	0	0.585	0.11999999999997613
21.244	21.244121315192743	21.324121315192727	104	114	112	110	81.48	112	112	112	112	81.71	0	0	-0.29	0	0	0	0	47	47	0	0.07999999999998408	0	0	0	0.585	0	79.8	0	1	0	1	0	0.10999999999999943
21.354	21.354121315192742	21.399121315192733	97	106	103	102	80.14	103	103	103	103	80.27	0	0	-1.42	0	0	0	0	37	37	0	0.04499999999999105	0	0	0	0.03	0	77.5	0	1	0	0	0	0.06500000000000128
21.419	21.419121315192744	21.454121315192737	83	93	92	90	77.94	92	92	92	92	78.3	0	0	-1.93	0	0	0	0	22	22	0	0.03499999999999304	0	0	0	0.02	0	75.1	0	1	0	0	0	0.14000000000000057
21.559	21.559121315192744	21.614121315192733	78	94	88	87	77.38	94	78	78	94	78.67	-1	-3.2	0.38	0	-3.2	3.2	0	25	1	-24	0.05499999999998906	0	0	0	0.105	0	76.6	0	1	1	0	0.545	0.05499999999998906
22.159	22.159121315192742	22.194121315192735	104	112	112	110	81.52	112	112	112	112	81.74	0	0	6.31	0	0	0	0	47	47	0	0.03499999999999304	0	0	0	0.545	0	78.5	0	1	0	1	0	0.14000000000000057
22.299	22.299121315192743	22.349121315192733	103	106	105	105	80.67	105	105	105	105	80.69	0	0	-0.99	0	0	0	0	39	39	0	0.04999999999999005	0	0	0	0.105	0	77.9	0	1	0	0	0	0.08500000000000085
22.384	22.384121315192743	22.429121315192734	89	104	98	97	79.3	98	98	98	98	79.46	0	0	-1.11	0	0	0	0	30	30	0	0.04499999999999105	0	0	0	0.035	0	78.2	0	1	0	0	0	0.0799999999999983
22.464	22.46412131519274	22.509121315192733	92	93	93	93	78.54	93	93	93	93	78.55	0	0	-0.83	0	0	0	0	24	24	0	0.04499999999999105	0	0	0	0.035	0	75.6	0	1	0	0	0	0.1750000000000007
22.639	22.639121315192742	22.764121315192718	88	115	108	108	81.07	108	108	108	108	81.08	0	0	2.61	0	0	0	0	43	43	0	0.12499999999997513	0	0	0	0.13	0	78.8	0	1	0	0	0	0.2049999999999983
22.844	22.84412131519274	22.924121315192725	76	101	89	87	77.43	101	76	76	101	79.92	-1	-4.85	-1.14	0	-4.85	4.85	0	34	0	-37	0.07999999999998408	0	0	0	0.08	0	77.2	0	1	0	0	0	0.22000000000000242
23.064	23.064121315192743	23.104121315192735	81	83	83	83	76.57	83	83	83	83	76.67	0	0	1.7	0	0	0	0	9	9	0	0.03999999999999204	0	0	0	0.14	0	72.3	0	1	1	0	1.015	0.03999999999999204
24.119	24.119121315192743	24.204121315192726	112	124	116	117	82.51	116	116	116	116	82.44	0	0	5.94	0	0	0	0	52	52	0	0.08499999999998309	0	0	0	1.015	0	80.6	0	1	0	1	0	0.129999999999999
24.249	24.249121315192742	24.279121315192736	133	149	146	144	86.07	146	146	146	146	86.39	0	0	4.1	0	0	0	0	81	81	0	0.02999999999999403	0	0	0	0.045	0	80.7	0	1	0	0	0	0.13500000000000156
24.384	24.384121315192743	24.50912131519272	97	136	102	108	81.2	136	104	98	136	85.15	-1	-5.75	-1.13	0	-5.75	5.75	0	72	38	-42	0.12499999999997513	0	0	0	0.105	0	80.6	0	1	0	0	0	0.23499999999999943
24.619	24.619121315192743	24.704121315192726	82	109	93	94	78.75	109	82	82	109	81.29	-1	-4.95	0.89	0	-4.95	4.95	0	44	8	-37	0.08499999999998309	0	0	0	0.11	0	78.6	0	1	0	0	0	0.1750000000000007
24.794	24.794121315192744	24.824121315192738	137	167	144	148	86.57	144	144	144	144	86.08	0	0	9.79	0	0	0	0	79	79	0	0.02999999999999403	0	0	0	0.09	0	60.5	0	1	1	0	0.79	0.02999999999999403
25.614	25.614121315192744	25.68912131519273	126	132	127	129	84.16	127	127	127	127	83.95	0	0	-2.09	0	0	0	0	63	63	0	0.07499999999998508	0	0	0	0.79	0	80.6	0	1	0	1	0	0.14499999999999957
25.759	25.759121315192743	25.989121315192698	121	154	149	145	86.23	152	121	121	152	87.08	-1	-4.01	3.22	0	-4.01	4.01	0	86	57	-30	0.22999999999995424	0	0	0	0.07	0	81.7	0	1	0	0	0	0.36499999999999844
26.124	26.124121315192742	26.28912131519271	112	118	113	114	82.06	113	113	113	113	81.91	0	0	-1.12	0	0	0	0	48	48	0	0.16499999999996717	0	0	0	0.135	0	79.9	0	1	0	0	0	0.2699999999999996
26.394	26.39412131519274	26.45412131519273	93	103	100	99	79.7	100	100	100	100	79.9	0	0	-1.95	0	0	0	0	33	33	0	0.05999999999998806	0	0	0	0.105	0	80.4	0	1	0	0	0	0.125
26.519	26.51912131519274	26.609121315192724	107	121	113	115	82.2	113	113	113	113	81.98	0	0	2.25	0	0	0	0	48	48	0	0.0899999999999821	0	0	0	0.065	0	80.2	0	1	0	0	0	0.13000000000000256
26.649	26.649121315192744	26.739121315192726	96	107	101	101	80.02	101	101	101	101	79.99	0	0	-1.86	0	0	0	0	34	34	0	0.0899999999999821	0	0	0	0.04	0	77.8	0	1	0	0	0	0.14499999999999957
26.794	26.794121315192744	26.839121315192735	96	102	99	99	79.62	99	99	99	99	79.69	0	0	-0.21	0	0	0	0	32	32	0	0.04499999999999105	0	0	0	0.055	0	77.3	0	1	0	0	0	0.129999999999999
26.924	26.924121315192743	27.03912131519272	83	98	87	89	77.75	87	87	87	87	77.4	0	0	-2.15	0	0	0	0	15	15	0	0.11499999999997712	0	0	0	0.085	0	76.9	0	1	0	0	0	0.13500000000000156
27.059	27.059121315192744	27.159121315192724	76	79	79	78	75.61	79	79	79	79	75.67	0	0	-1.64	0	0	0	0	3	3	0	0.0999999999999801	0	0	0	0.02	0	73.8	0	1	0	0	0	0.18499999999999872
27.244	27.244121315192743	27.349121315192722	85	92	90	89	77.84	90	90	90	90	77.92	0	0	2.28	0	0	0	0	19	19	0	0.10499999999997911	0	0	0	0.085	0	74	0	1	0	0	0	0.19000000000000128
27.434	27.434121315192744	27.534121315192724	87	99	89	90	78.02	89	89	89	89	77.87	0	0	-0.03	0	0	0	0	18	18	0	0.0999999999999801	0	0	0	0.085	0	75	0	1	0	0	0	0.2049999999999983
27.639	27.639121315192742	27.734121315192724	132	161	149	149	86.64	132	161	132	161	88.06	1	3.42	6.93	3.42	0	3.42	0	68	93	25	0.0949999999999811	0	0	0	0.105	0	75.8	0	1	1	0	0.85	0.0949999999999811
28.584	28.584121315192743	28.624121315192735	103	109	109	108	81.11	109	109	109	109	81.32	0	0	-6.65	0	0	0	0	44	44	0	0.03999999999999204	0	0	0	0.85	0	79.6	0	1	0	1	0	0.16000000000000014
28.744	28.744121315192743	28.779121315192736	130	139	138	137	85.25	138	138	138	138	85.32	0	0	4.1	0	0	0	0	74	74	0	0.03499999999999304	0	0	0	0.12	0	81.3	0	1	0	0	0	0.06500000000000128
28.809	28.809121315192744	29.054121315192695	97	161	121	125	83.61	159	101	101	159	87.8	-1	-6.19	2.5	0	-6.19	6.19	0	92	34	-58	0.24499999999995126	0	0	0	0.03	0	81.9	0	1	0	0	0	0.375
29.184	29.184121315192744	29.244121315192732	84	112	99	99	79.61	112	84	84	112	81.72	-1	-4.83	1.83	0	-4.83	4.83	0	47	11	-37	0.05999999999998806	0	0	0	0.13	0	76.4	0	1	1	0	0.505	0.05999999999998806
29.749	29.749121315192742	29.784121315192735	99	107	104	103	80.35	104	104	104	104	80.47	0	0	3.76	0	0	0	0	38	38	0	0.03499999999999304	0	0	0	0.505	0	71.4	0	1	0	1	0	0.10000000000000142
29.849	29.849121315192743	29.90912131519273	122	130	128	128	84.01	128	128	128	128	84.08	0	0	3.67	0	0	0	0	64	64	0	0.05999999999998806	0	0	0	0.065	0	81.9	0	1	0	0	0	0.14999999999999858
29.999	29.999121315192742	30.06412131519273	103	121	118	115	82.28	118	118	118	118	82.7	0	0	-1.3	0	0	0	0	54	54	0	0.06499999999998707	0	0	0	0.09	0	80	0	1	0	0	0	0.125
30.124	30.124121315192742	30.23412131519272	107	168	140	139	85.47	107	168	107	168	88.73	1	7.8	-1.66	7.8	0	7.8	0	41	99	57	0.10999999999997812	0	0	0	0.06	0	80.8	0	1	1	0	0.45	0.10999999999997812
30.684	30.684121315192744	30.734121315192734	94	103	99	99	79.56	99	99	99	99	79.63	0	0	-9.08	0	0	0	0	32	32	0	0.04999999999999005	0	0	0	0.45	0	69.9	0	1	0	1	0	0.11999999999999744
30.804	30.80412131519274	30.90912131519272	127	147	141	141	85.7	141	141	141	141	85.71	0	0	6.16	0	0	0	0	77	77	0	0.10499999999997911	0	0	0	0.07	0	80.8	0	1	0	0	0	0.23499999999999943
31.039	31.03912131519274	31.129121315192723	112	152	124	128	84.01	152	112	112	152	87.05	-1	-5.24	1.37	0	-5.24	5.24	0	86	47	-39	0.0899999999999821	0	0	0	0.13	0	80.6	0	1	0	0	0	0.15500000000000114
31.194	31.194121315192742	31.274121315192726	118	124	122	121	83.15	122	122	122	122	83.22	0	0	1.53	0	0	0	0	58	58	0	0.07999999999998408	0	0	0	0.065	0	80.5	0	1	0	0	0	0.17999999999999972
31.374	31.374121315192742	31.404121315192736	101	112	107	107	80.91	107	107	107	107	80.98	0	0	-2.19	0	0	0	0	41	41	0	0.02999999999999403	0	0	0	0.1	0	79.3	0	1	0	0	0	0.15500000000000114
31.529	31.529121315192743	31.59912131519273	94	119	111	109	81.35	111	111	111	111	81.67	0	0	0.77	0	0	0	0	46	46	0	0.06999999999998607	0	0	0	0.125	0	78.6	0	1	0	0	0	0.125
31.654	31.654121315192743	31.67412131519274	99	105	104	104	80.41	104	104	104	104	80.53	0	0	-1	0	0	0	0	38	38	0	0.01999999999999602	0	0	0	0.055	0	75.5	0	1	0	0	0	0.04499999999999815
31.699	31.69912131519274	31.724121315192736	92	99	92	93	78.53	92	92	92	92	78.41	0	0	-2	0	0	0	0	22	22	0	0.024999999999995026	0	0	0	0.025	0	76.8	0	1	0	0	0	0.15000000000000213
31.849	31.849121315192743	31.879121315192737	85	94	92	90	78.05	92	92	92	92	78.35	0	0	0.07	0	0	0	0	22	22	0	0.02999999999999403	0	0	0	0.125	0	77.2	0	1	0	0	0	0.0799999999999983
31.929	31.92912131519274	31.964121315192735	99	103	103	102	80.23	103	103	103	103	80.34	0	0	2.06	0	0	0	0	37	37	0	0.03499999999999304	0	0	0	0.05	0	77.4	0	1	0	0	0	0.23500000000000298
32.164	32.164121315192745	32.24912131519279	79	93	84	85	76.99	93	79	79	93	78.51	-1	-2.69	-1.73	0	-2.69	2.69	0	24	3	-21	0.08500000000004349	0	0	0	0.2	0	75.6	0	1	1	0	0.56	0.08500000000004349
32.809	32.80912131519274	32.86912131519277	104	114	111	111	81.54	111	111	111	111	81.59	0	0	5.95	0	0	0	0	46	46	0	0.060000000000030695	0	0	0	0.56	0	80.8	0	1	0	1	0	0.12000000000000455
32.929	32.929121315192745	33.01412131519279	119	132	128	128	84.09	128	128	128	128	84.11	0	0	2.57	0	0	0	0	64	64	0	0.08500000000004349	0	0	0	0.06	0	80	0	1	0	0	0	0.11999999999999744
33.049	33.04912131519274	33.1591213151928	95	116	104	106	80.74	116	95	95	116	82.31	-1	-3.38	-1.69	0	-3.38	3.38	0	52	26	-26	0.11000000000005627	0	0	0	0.035	0	79.6	0	1	0	0	0	0.1700000000000017
33.219	33.219121315192744	33.24912131519276	83	92	88	88	77.71	88	88	88	88	77.55	0	0	-1.29	0	0	0	0	17	17	0	0.030000000000015348	0	0	0	0.06	0	75.6	0	1	0	0	0	0.12999999999999545
33.349	33.34912131519274	33.40912131519277	84	88	84	85	76.98	84	84	84	84	76.9	0	0	-0.61	0	0	0	0	11	11	0	0.060000000000030695	0	0	0	0.1	0	75	0	1	0	0	0	0.09500000000000597
33.444	33.444121315192746	33.49412131519277	77	85	78	80	75.94	78	78	78	78	75.52	0	0	-1.19	0	0	0	0	1	1	0	0.05000000000002558	0	0	0	0.035	0	73.6	0	1	0	0	0	0.27999999999999403
33.724	33.72412131519274	33.774121315192765	74	99	84	85	77	99	74	74	99	79.57	-1	-4.88	4.15	0	-4.88	4.88	0	32	0	-38	0.05000000000002558	0	0	0	0.23	0	75.9	0	1	1	0	1.3	0.05000000000002558
35.074	35.07412131519274	35.16412131519279	90	109	102	101	79.97	102	102	102	102	80.08	0	0	5.56	0	0	0	0	35	35	0	0.09000000000004604	0	0	0	1.3	0	78.4	0	1	0	1	0	0.14500000000000313
35.219	35.219121315192744	35.30412131519279	114	126	119	120	82.89	119	119	119	119	82.77	0	0	2.7	0	0	0	0	55	55	0	0.08500000000004349	0	0	0	0.055	0	79.5	0	1	0	0	0	0.19500000000000028
35.414	35.414121315192745	35.44412131519276	113	141	127	129	84.15	127	127	127	127	83.97	0	0	1.23	0	0	0	0	63	63	0	0.030000000000015348	0	0	0	0.11	0	81.5	0	1	0	0	0	0.134999999999998
35.549	35.54912131519274	35.61912131519278	94	104	99	100	79.78	99	99	99	99	79.7	0	0	-4.16	0	0	0	0	32	32	0	0.07000000000003581	0	0	0	0.105	0	80.5	0	1	0	0	0	0.125
35.674	35.67412131519274	35.70412131519276	89	97	92	92	78.45	92	92	92	92	78.37	0	0	-1.19	0	0	0	0	22	22	0	0.030000000000015348	0	0	0	0.055	0	78.1	0	1	0	0	0	0.20000000000000284
35.874	35.874121315192745	35.91912131519277	95	103	100	99	79.67	100	100	100	100	79.89	0	0	1.61	0	0	0	0	33	33	0	0.04500000000002302	0	0	0	0.17	0	79.7	0	1	0	0	0	0.12999999999999545
36.004	36.00412131519274	36.03912131519276	90	116	112	109	81.25	112	112	112	112	81.78	0	0	2.06	0	0	0	0	47	47	0	0.035000000000017906	0	0	0	0.085	0	79.4	0	1	0	0	0	0.18500000000000227
36.189	36.18912131519274	36.31412131519281	98	105	100	101	79.95	100	100	100	100	79.75	0	0	-1.94	0	0	0	0	33	33	0	0.12500000000006395	0	0	0	0.15	0	78.1	0	1	0	0	0	0.20000000000000284
36.389	36.389121315192746	36.424121315192764	102	112	106	107	81	106	106	106	106	80.85	0	0	1.13	0	0	0	0	40	40	0	0.035000000000017906	0	0	0	0.075	0	79.6	0	1	0	0	0	0.10999999999999943
36.499	36.499121315192745	36.6041213151928	98	105	101	101	79.99	101	101	101	101	79.92	0	0	-0.82	0	0	0	0	34	34	0	0.10500000000005372	0	0	0	0.075	0	77.7	0	1	0	0	0	0.15499999999999403
36.654	36.65412131519274	36.74912131519279	120	165	144	142	85.82	120	165	120	165	88.4	1	5.4	3.1	5.4	0	5.4	0	56	97	40	0.0950000000000486	0	0	0	0.05	0	78.1	0	1	1	0	0.835	0.0950000000000486
37.584	37.584121315192746	37.64912131519278	123	139	128	129	84.26	128	128	128	128	84.1	0	0	-4.29	0	0	0	0	64	64	0	0.06500000000003325	0	0	0	0.835	0	79.9	0	1	0	1	0	0.125
37.709	37.709121315192746	37.79412131519279	138	151	145	146	86.28	145	145	145	145	86.26	0	0	2.26	0	0	0	0	80	80	0	0.08500000000004349	0	0	0	0.06	0	80.3	0	1	0	0	0	0.14999999999999858
37.859	37.859121315192745	37.89412131519276	138	145	144	143	86	144	144	144	144	86.08	0	0	-0.08	0	0	0	0	79	79	0	0.035000000000017906	0	0	0	0.065	0	80.5	0	1	0	0	0	0.14499999999999602
38.004	38.00412131519274	38.069121315192774	102	119	111	112	81.72	111	111	111	111	81.65	0	0	-4.39	0	0	0	0	46	46	0	0.06500000000003325	0	0	0	0.11	0	81.2	0	1	0	0	0	0.11500000000000199
38.119	38.11912131519274	38.15912131519276	80	97	93	93	78.51	93	93	93	93	78.62	0	0	-2.91	0	0	0	0	24	24	0	0.040000000000020464	0	0	0	0.05	0	77.7	0	1	0	0	0	0.16499999999999915
38.284	38.28412131519274	38.31912131519276	89	97	95	95	78.86	95	95	95	95	78.95	0	0	0.48	0	0	0	0	26	26	0	0.035000000000017906	0	0	0	0.125	0	77.6	0	1	0	0	0	0.11500000000000199
38.399	38.399121315192744	38.42912131519276	90	106	98	99	79.6	98	98	98	98	79.51	0	0	0.67	0	0	0	0	30	30	0	0.030000000000015348	0	0	0	0.08	0	79.1	0	1	0	0	0	0.07499999999999574
38.474	38.47412131519274	38.51412131519276	92	93	92	92	78.38	92	92	92	92	78.35	0	0	-1.03	0	0	0	0	22	22	0	0.040000000000020464	0	0	0	0.045	0	77.5	0	1	0	0	0	0.17999999999999972
38.654	38.65412131519274	38.68912131519276	98	104	104	103	80.36	104	104	104	104	80.45	0	0	2.17	0	0	0	0	38	38	0	0.035000000000017906	0	0	0	0.14	0	78.5	0	1	0	0	0	0.11000000000000654
38.764	38.764121315192746	38.879121315192805	98	104	101	100	79.89	101	101	101	101	79.91	0	0	-0.49	0	0	0	0	34	34	0	0.11500000000005883	0	0	0	0.075	0	76.2	0	1	0	0	0	0.15499999999999403
38.919	38.91912131519274	39.029121315192796	118	156	141	137	85.26	118	156	118	156	87.47	1	4.87	2.7	4.87	0	4.87	0	54	89	35	0.11000000000005627	0	0	0	0.04	0	75.8	0	1	1	0	1.015	0.11000000000005627
40.044	40.04412131519274	40.149121315192794	122	131	128	127	84	128	128	128	128	84.03	0	0	-3.4	0	0	0	0	64	64	0	0.10500000000005372	0	0	0	1.015	0	80.3	0	1	0	1	0	0.25
40.294	40.29412131519274	40.33912131519276	93	102	98	98	79.47	98	98	98	98	79.54	0	0	-4.46	0	0	0	0	30	30	0	0.04500000000002302	0	0	0	0.145	0	79.3	0	1	0	0	0	0.0800000000000054
40.374	40.374121315192745	40.46412131519279	87	97	92	93	78.53	92	92	92	92	78.45	0	0	-0.93	0	0	0	0	22	22	0	0.09000000000004604	0	0	0	0.035	0	78.5	0	1	0	0	0	0.2149999999999963
40.589	40.58912131519274	40.6991213151928	89	97	91	92	78.38	91	91	91	91	78.22	0	0	-0.06	0	0	0	0	21	21	0	0.11000000000005627	0	0	0	0.125	0	75.2	0	1	0	0	0	0.14500000000000313
40.734	40.734121315192745	40.869121315192814	129	172	166	158	87.75	129	169	129	170	88.93	1	4.78	6.05	4.78	0	4.78	0	65	100	35	0.13500000000006906	0	0	0	0.035	0	75.4	0	1	1	0	0.54	0.13500000000006906
41.409	41.40912131519274	41.494121315192785	100	108	108	107	81.02	108	108	108	108	81.08	0	0	-7.73	0	0	0	0	43	43	0	0.08500000000004349	0	0	0	0.54	0	79.4	0	1	0	1	0	0.19000000000000483
41.599	41.59912131519275	41.64412131519277	84	101	93	94	78.75	93	93	93	93	78.58	0	0	-2.48	0	0	0	0	24	24	0	0.04500000000002302	0	0	0	0.105	0	76.9	0	1	1	0	0.765	0.04500000000002302
42.409	42.40912131519274	42.474121315192775	110	117	113	113	81.98	113	113	113	113	81.89	0	0	3.42	0	0	0	0	48	48	0	0.06500000000003325	0	0	0	0.765	0	78.9	0	1	0	1	0	0.16499999999999915
42.574	42.57412131519274	42.61412131519276	145	164	154	154	87.23	154	154	154	154	87.2	0	0	5.36	0	0	0	0	88	88	0	0.040000000000020464	0	0	0	0.1	0	81.2	0	1	0	0	0	0.10500000000000398
42.679	42.679121315192745	42.72912131519277	135	156	145	145	86.27	145	145	145	145	86.16	0	0	-1.04	0	0	0	0	80	80	0	0.05000000000002558	0	0	0	0.065	0	79.5	0	1	0	0	0	0.14000000000000057
42.819	42.819121315192746	42.839121315192756	131	144	137	138	85.43	137	137	137	137	85.23	0	0	-0.93	0	0	0	0	73	73	0	0.020000000000010232	0	0	0	0.09	0	79.1	0	1	0	0	0	0.0899999999999963
42.909	42.90912131519274	42.97912131519278	99	111	108	107	81.04	108	108	108	108	81.15	0	0	-4.02	0	0	0	0	43	43	0	0.07000000000003581	0	0	0	0.07	0	79.4	0	1	0	0	0	0.11999999999999744
43.029	43.02912131519274	43.08912131519277	99	104	103	103	80.28	103	103	103	103	80.34	0	0	-0.72	0	0	0	0	37	37	0	0.060000000000030695	0	0	0	0.05	0	77.5	0	1	0	0	0	0.12000000000000455
43.149	43.149121315192744	43.21412131519278	87	96	95	94	78.81	95	95	95	95	78.99	0	0	-1.25	0	0	0	0	26	26	0	0.06500000000003325	0	0	0	0.06	0	76.2	0	1	0	0	0	0.14000000000000057
43.289	43.289121315192745	43.37412131519279	96	102	97	98	79.52	97	97	97	97	79.29	0	0	0.45	0	0	0	0	29	29	0	0.08500000000004349	0	0	0	0.075	0	77.9	0	1	0	0	0	0.25499999999999545
43.544	43.54412131519274	43.59912131519277	96	125	116	114	82.04	116	116	116	116	82.34	0	0	3.14	0	0	0	0	52	52	0	0.05500000000002814	0	0	0	0.17	0	77.9	0	1	0	0	0	0.10500000000000398
43.649	43.649121315192744	43.69412131519277	80	83	81	81	76.2	81	81	81	81	76.17	0	0	-6.13	0	0	0	0	6	6	0	0.04500000000002302	0	0	0	0.05	0	73.1	0	1	0	0	0	0.19500000000000028
43.844	43.844121315192744	43.88912131519277	71	89	77	78	75.55	77	77	77	77	75.32	0	0	-0.76	0	0	0	0	0	0	0	0.04500000000002302	0	0	0	0.15	0	73.2	0	1	1	0	1.45	0.04500000000002302
45.339	45.33912131519274	45.37912131519276	139	150	147	146	86.39	147	147	147	147	86.49	0	0	11.29	0	0	0	0	82	82	0	0.040000000000020464	0	0	0	1.45	0	82.9	0	1	0	1	0	0.07000000000000028
45.409	45.40912131519274	45.434121315192755	169	171	171	170	89.01	171	171	171	171	89.03	0	0	2.64	0	0	0	0	100	100	0	0.02500000000001279	0	0	0	0.03	0	81.5	0	1	0	0	0	0.19500000000000028
45.604	45.60412131519274	45.66412131519277	145	160	157	156	87.44	157	157	157	157	87.63	0	0	-1.38	0	0	0	0	90	90	0	0.060000000000030695	0	0	0	0.17	0	82.8	0	1	0	0	0	0.15500000000000114
45.759	45.75912131519274	45.92412131519283	132	160	136	138	85.39	134	160	134	160	87.94	1	3.07	-2.66	3.07	0	3.07	0	70	93	22	0.1650000000000844	0	0	0	0.095	0	79.5	0	1	1	0	0.645	0.1650000000000844
46.569	46.569121315192746	46.624121315192774	117	127	127	126	83.79	127	127	127	127	83.91	0	0	-3.95	0	0	0	0	63	63	0	0.05500000000002814	0	0	0	0.645	0	80.4	0	1	0	1	0	0.08499999999999375
46.654	46.65412131519274	46.70912131519277	132	136	135	135	84.96	135	135	135	135	84.94	0	0	1.07	0	0	0	0	71	71	0	0.05500000000002814	0	0	0	0.03	0	80.5	0	1	0	0	0	0.08500000000000085
46.739	46.73912131519274	46.77912131519276	114	128	125	123	83.44	125	125	125	125	83.63	0	0	-1.3	0	0	0	0	61	61	0	0.040000000000020464	0	0	0	0.03	0	79.3	0	1	0	0	0	0.18500000000000227
46.924	46.92412131519274	46.96412131519276	103	116	108	109	81.3	108	108	108	108	81.07	0	0	-2.52	0	0	0	0	43	43	0	0.040000000000020464	0	0	0	0.145	0	80.4	0	1	0	0	0	0.06499999999999773
46.989	46.98912131519274	47.00912131519275	109	115	114	113	81.92	114	114	114	114	82.02	0	0	0.97	0	0	0	0	49	49	0	0.020000000000010232	0	0	0	0.025	0	80	0	1	0	0	0	0.060000000000002274
47.049	47.04912131519274	47.074121315192755	118	126	124	124	83.51	124	124	124	124	83.58	0	0	1.58	0	0	0	0	60	60	0	0.02500000000001279	0	0	0	0.04	0	79.9	0	1	0	0	0	0.07000000000000028
47.119	47.11912131519274	47.21412131519279	107	126	122	121	83.05	122	122	122	122	83.17	0	0	-0.28	0	0	0	0	58	58	0	0.0950000000000486	0	0	0	0.045	0	79.6	0	1	0	0	0	0.1599999999999966
47.279	47.27912131519274	47.35912131519278	109	125	117	116	82.44	117	117	117	117	82.48	0	0	-0.68	0	0	0	0	53	53	0	0.08000000000004093	0	0	0	0.065	0	79.3	0	1	0	0	0	0.1600000000000037
47.439	47.43912131519274	47.484121315192766	92	99	99	97	79.34	99	99	99	99	79.61	0	0	-2.84	0	0	0	0	32	32	0	0.04500000000002302	0	0	0	0.08	0	79	0	1	0	0	0	0.134999999999998
47.574	47.57412131519274	47.64912131519278	94	97	96	96	79.03	96	96	96	96	79.1	0	0	-0.45	0	0	0	0	28	28	0	0.07500000000003837	0	0	0	0.09	0	79.4	0	1	0	0	0	0.24500000000000455
47.819	47.819121315192746	47.86412131519277	96	104	99	99	79.64	99	99	99	99	79.63	0	0	0.61	0	0	0	0	32	32	0	0.04500000000002302	0	0	0	0.17	0	77.6	0	1	0	0	0	0.0899999999999963
47.909	47.90912131519274	47.94412131519276	111	115	113	113	81.96	113	113	113	113	81.99	0	0	2.44	0	0	0	0	48	48	0	0.035000000000017906	0	0	0	0.045	0	78.7	0	1	0	0	0	0.08500000000000085
47.994	47.99412131519274	48.04412131519277	101	123	112	111	81.59	112	112	112	112	81.7	0	0	-0.14	0	0	0	0	47	47	0	0.05000000000002558	0	0	0	0.05	0	78.5	0	1	0	0	0	0.18999999999999773
48.184	48.18412131519274	48.329121315192815	147	209	195	188	90.71	147	194	147	208	92.47	1	4.33	4.74	4.33	0	4.33	0	82	100	44	0.14500000000007418	0	0	0	0.14	0	81.9	0	1	1	0	0.58	0.14500000000007418
48.909	48.90912131519274	48.93912131519276	116	124	120	120	82.91	120	120	120	120	83	0	0	-8.19	0	0	0	0	56	56	0	0.030000000000015348	0	0	0	0.58	0	80.8	0	1	0	1	0	0.060000000000002274
48.969	48.969121315192744	49.00412131519276	127	130	129	129	84.2	129	129	129	129	84.22	0	0	1.34	0	0	0	0	65	65	0	0.035000000000017906	0	0	0	0.03	0	79.9	0	1	0	0	0	0.11999999999999744
49.089	49.08912131519274	49.134121315192765	144	175	153	156	87.45	153	153	153	153	87.15	0	0	3.02	0	0	0	0	87	87	0	0.04500000000002302	0	0	0	0.085	0	81.4	0	1	0	0	0	0.20000000000000284
49.289	49.289121315192745	49.329121315192765	123	153	129	133	84.77	129	129	129	129	84.24	0	0	-2.85	0	0	0	0	65	65	0	0.040000000000020464	0	0	0	0.155	0	79.7	0	1	0	0	0	0.08500000000000085
49.374	49.374121315192745	49.4741213151928	112	120	115	116	82.37	115	115	115	115	82.23	0	0	-1.91	0	0	0	0	51	51	0	0.10000000000005116	0	0	0	0.045	0	79.5	0	1	0	0	0	0.18999999999999773
49.564	49.56412131519274	49.6691213151928	112	125	124	122	83.28	124	124	124	124	83.47	0	0	1.32	0	0	0	0	60	60	0	0.10500000000005372	0	0	0	0.09	0	78.8	0	1	0	0	0	0.24499999999999744
49.809	49.80912131519274	49.88912131519278	103	107	105	105	80.71	105	105	105	105	80.67	0	0	-2.78	0	0	0	0	39	39	0	0.08000000000004093	0	0	0	0.14	0	79.7	0	1	0	0	0	0.19500000000000028
50.004	50.00412131519274	50.069121315192774	118	135	127	127	83.87	127	127	127	127	83.94	0	0	3.37	0	0	0	0	63	63	0	0.06500000000003325	0	0	0	0.115	0	81.1	0	1	0	0	0	0.11500000000000199
50.119	50.11912131519274	50.15412131519276	104	118	115	114	82.08	115	115	115	115	82.25	0	0	-1.61	0	0	0	0	51	51	0	0.035000000000017906	0	0	0	0.05	0	80	0	1	0	0	0	0.0799999999999983
50.199	50.19912131519274	50.26912131519278	91	103	94	96	79.17	94	94	94	94	78.71	0	0	-3.44	0	0	0	0	25	25	0	0.07000000000003581	0	0	0	0.045	0	78.6	0	1	0	0	0	0.11500000000000199
50.314	50.31412131519274	50.34412131519276	87	92	90	90	78.07	90	90	90	90	78.06	0	0	-0.6	0	0	0	0	19	19	0	0.030000000000015348	0	0	0	0.045	0	76.8	0	1	0	0	0	0.14000000000000057
50.454	50.454121315192744	50.50412131519277	88	96	92	91	78.28	92	92	92	92	78.4	0	0	0.49	0	0	0	0	22	22	0	0.05000000000002558	0	0	0	0.11	0	77.8	0	1	0	0	0	0.11500000000000199
50.569	50.569121315192746	50.59912131519276	106	108	107	107	81.02	107	107	107	107	81.04	0	0	2.75	0	0	0	0	41	41	0	0.030000000000015348	0	0	0	0.065	0	79.6	0	1	0	0	0	0.0799999999999983
50.649	50.649121315192744	50.69912131519277	82	100	93	92	78.43	100	82	82	100	79.81	-1	-3.52	-1.09	0	-3.52	3.52	0	33	8	-26	0.05000000000002558	0	0	0	0.05	0	78.5	0	1	1	0	0.745	0.05000000000002558
51.444	51.444121315192746	51.59412131519282	117	126	121	122	83.27	121	121	121	121	83.15	0	0	6.86	0	0	0	0	57	57	0	0.15000000000007674	0	0	0	0.745	0	80.9	0	1	0	1	0	0.2749999999999986
51.719	51.719121315192744	51.78412131519278	103	129	116	117	82.46	116	116	116	116	82.31	0	0	-0.71	0	0	0	0	52	52	0	0.06500000000003325	0	0	0	0.125	0	80	0	1	0	0	0	0.11999999999999744
51.839	51.83912131519274	51.92912131519279	104	110	106	106	80.85	106	106	106	106	80.81	0	0	-1.48	0	0	0	0	40	40	0	0.09000000000004604	0	0	0	0.055	0	78.9	0	1	0	0	0	0.21000000000000085
52.049	52.04912131519274	52.06412131519275	134	140	137	137	85.21	137	137	137	137	85.18	0	0	4.45	0	0	0	0	73	73	0	0.015000000000007674	0	0	0	0.12	0	79.9	0	1	0	0	0	0.10000000000000142
52.149	52.149121315192744	52.19412131519277	118	123	120	120	83	120	120	120	120	82.99	0	0	-2.18	0	0	0	0	56	56	0	0.04500000000002302	0	0	0	0.085	0	80	0	1	0	0	0	0.0799999999999983
52.229	52.22912131519274	52.26412131519276	81	110	103	100	79.78	103	103	103	103	80.3	0	0	-2.59	0	0	0	0	37	37	0	0.035000000000017906	0	0	0	0.035	0	78.1	0	1	0	0	0	0.11500000000000199
52.344	52.344121315192744	52.364121315192754	96	99	98	98	79.4	98	98	98	98	79.41	0	0	-0.83	0	0	0	0	30	30	0	0.020000000000010232	0	0	0	0.08	0	78.2	0	1	0	0	0	0.054999999999999716
52.399	52.399121315192744	52.45412131519277	91	95	93	93	78.53	93	93	93	93	78.49	0	0	-0.89	0	0	0	0	24	24	0	0.05500000000002814	0	0	0	0.035	0	78.5	0	1	0	0	0	0.0899999999999963
52.489	52.48912131519274	52.54912131519277	80	96	89	90	77.9	96	80	80	96	79.04	-1	-3.02	0.57	0	-3.02	3.02	0	28	4	-24	0.060000000000030695	0	0	0	0.035	0	77.2	0	1	1	0	0.53	0.060000000000030695
53.079	53.079121315192744	53.15412131519278	108	112	109	110	81.38	109	109	109	109	81.33	0	0	5.46	0	0	0	0	44	44	0	0.07500000000003837	0	0	0	0.53	0	78.4	0	1	0	1	0	0.15500000000000114
53.234	53.234121315192745	53.274121315192765	114	138	125	127	83.94	125	125	125	125	83.6	0	0	2.38	0	0	0	0	61	61	0	0.040000000000020464	0	0	0	0.08	0	79.6	0	1	0	0	0	0.11999999999999744
53.354	53.35412131519274	53.42412131519278	93	124	99	103	80.3	124	93	93	124	83.52	-1	-5.02	-0.07	0	-5.02	5.02	0	60	24	-37	0.07000000000003581	0	0	0	0.08	0	79.7	0	1	0	0	0	0.24499999999999744
53.599	53.59912131519274	53.65912131519277	78	94	83	84	76.9	83	83	83	83	76.69	0	0	-1.78	0	0	0	0	9	9	0	0.060000000000030695	0	0	0	0.175	0	74.6	0	1	0	0	0	0.17500000000000426
53.774	53.774121315192744	53.794121315192754	84	85	85	85	76.94	85	85	85	85	76.97	0	0	0.47	0	0	0	0	12	12	0	0.020000000000010232	0	0	0	0.115	0	72	0	1	0	0	0	0.16499999999999915
53.939	53.93912131519274	53.98912131519277	77	83	78	80	75.87	78	78	78	78	75.61	0	0	-1.3	0	0	0	0	1	1	0	0.05000000000002558	0	0	0	0.145	0	74.5	0	1	1	0	0.86	0.05000000000002558
54.849	54.849121315192754	54.89912131519278	84	87	86	86	77.24	86	86	86	86	77.31	0	0	1.89	0	0	0	0	14	14	0	0.05000000000002558	0	0	0	0.86	0	69.2	0	1	0	1	0	0.18499999999998806
55.034	55.03412131519274	55.10912131519278	112	117	114	114	82.08	114	114	114	114	82.05	0	0	4.93	0	0	0	0	49	49	0	0.07500000000003837	0	0	0	0.135	0	79	0	1	0	0	0	0.11500000000000199
55.149	55.149121315192744	55.17912131519276	125	129	127	127	83.95	127	127	127	127	83.97	0	0	1.97	0	0	0	0	63	63	0	0.030000000000015348	0	0	0	0.04	0	79.9	0	1	0	0	0	0.10999999999999943
55.259	55.25912131519274	55.3641213151928	89	112	93	96	79.09	93	93	93	93	78.56	0	0	-5.3	0	0	0	0	24	24	0	0.10500000000005372	0	0	0	0.08	0	78.4	0	1	0	0	0	0.16499999999999915
55.424	55.42412131519274	55.44412131519275	101	103	103	103	80.25	103	103	103	103	80.29	0	0	1.82	0	0	0	0	37	37	0	0.020000000000010232	0	0	0	0.06	0	78	0	1	0	0	0	0.054999999999999716
55.479	55.47912131519274	55.51412131519276	100	106	103	103	80.28	103	103	103	103	80.25	0	0	0.01	0	0	0	0	37	37	0	0.035000000000017906	0	0	0	0.035	0	78	0	1	0	0	0	0.259999999999998
55.739	55.73912131519274	55.77412131519276	91	96	95	95	78.85	95	95	95	95	78.89	0	0	-1.35	0	0	0	0	26	26	0	0.035000000000017906	0	0	0	0.225	0	77.3	0	1	0	0	0	0.06500000000000483
55.804	55.804121315192745	55.82912131519276	94	95	95	95	78.91	95	95	95	95	78.91	0	0	0.08	0	0	0	0	26	26	0	0.02500000000001279	0	0	0	0.03	0	73.6	0	1	0	0	0	0.134999999999998
55.939	55.93912131519274	55.97412131519276	92	101	98	97	79.35	98	98	98	98	79.41	0	0	0.57	0	0	0	0	30	30	0	0.035000000000017906	0	0	0	0.11	0	77.8	0	1	0	0	0	0.0799999999999983
56.019	56.01912131519274	56.044121315192754	94	96	95	95	78.97	95	95	95	95	78.99	0	0	-0.39	0	0	0	0	26	26	0	0.02500000000001279	0	0	0	0.045	0	76.4	0	1	0	0	0	0.060000000000002274
56.079	56.079121315192744	56.139121315192774	88	93	91	90	78.04	91	91	91	91	78.19	0	0	-0.65	0	0	0	0	21	21	0	0.060000000000030695	0	0	0	0.035	0	75.7	0	1	0	0	0	0.1700000000000017
56.249	56.249121315192745	56.324121315192784	88	92	90	90	77.94	90	90	90	90	77.91	0	0	-0.18	0	0	0	0	19	19	0	0.07500000000003837	0	0	0	0.11	0	74	0	1	0	0	0	0.26500000000000057
56.514	56.514121315192746	56.554121315192766	78	87	79	80	76.04	79	79	79	79	75.78	0	0	-2.13	0	0	0	0	3	3	0	0.040000000000020464	0	0	0	0.19	0	74.2	0	1	1	0	0.735	0.040000000000020464
57.289	57.289121315192745	57.32412131519276	125	126	126	126	83.8	126	126	126	126	83.83	0	0	8.19	0	0	0	0	62	62	0	0.035000000000017906	0	0	0	0.735	0	80.9	0	1	0	1	0	0.14000000000000057
57.429	57.429121315192745	57.44412131519275	174	189	183	182	90.18	183	183	183	183	90.23	0	0	6.5	0	0	0	0	100	100	0	0.015000000000007674	0	0	0	0.105	0	79.2	0	1	0	0	0	0.05999999999999517
57.489	57.48912131519274	57.6041213151928	131	144	137	137	85.24	137	137	137	137	85.2	0	0	-4.98	0	0	0	0	73	73	0	0.11500000000005883	0	0	0	0.045	0	81.5	0	1	0	0	0	0.21000000000000085
57.699	57.69912131519274	57.77912131519278	111	116	114	114	82.07	114	114	114	114	82.09	0	0	-3.08	0	0	0	0	49	49	0	0.08000000000004093	0	0	0	0.095	0	80.7	0	1	0	0	0	0.10000000000000142
57.799	57.79912131519274	57.844121315192766	109	115	114	114	82.02	114	114	114	114	82.09	0	0	0.1	0	0	0	0	49	49	0	0.04500000000002302	0	0	0	0.02	0	61.7	0	1	0	0	0	0.14500000000000313
57.944	57.944121315192746	58.01412131519278	107	122	117	117	82.5	117	117	117	117	82.54	0	0	0.55	0	0	0	0	53	53	0	0.07000000000003581	0	0	0	0.1	0	81.3	0	1	0	0	0	0.33500000000000085
58.279	58.27912131519275	58.434121315192826	97	105	100	100	79.84	100	100	100	100	79.81	0	0	-2.63	0	0	0	0	33	33	0	0.1550000000000793	0	0	0	0.265	0	79.5	0	1	0	0	0	0.17499999999999716
58.454	58.454121315192744	58.46912131519275	100	101	101	101	79.91	101	101	101	101	79.91	0	0	0.18	0	0	0	0	34	34	0	0.015000000000007674	0	0	0	0.02	0	53.7	0	1	0	0	0	0.11500000000000199
58.569	58.569121315192746	58.63912131519278	86	110	94	94	78.66	94	94	94	94	78.66	0	0	-1.24	0	0	0	0	25	25	0	0.07000000000003581	0	0	0	0.1	0	77.3	0	1	0	0	0	0.11499999999999488
58.684	58.68412131519274	58.729121315192764	88	92	91	91	78.16	91	91	91	91	78.18	0	0	-0.48	0	0	0	0	21	21	0	0.04500000000002302	0	0	0	0.045	0	76.3	0	1	0	0	0	0.14500000000000313
58.829	58.829121315192744	58.929121315192795	145	217	203	191	90.96	145	208	145	213	92.83	1	6.65	8.08	6.65	0	6.65	0	80	100	48	0.10000000000005116	0	0	0	0.1	0	80.8	0	1	1	0	0.65	0.10000000000005116
59.579	59.579121315192744	59.65412131519278	111	126	117	119	82.81	117	117	117	117	82.57	0	0	-9.83	0	0	0	0	53	53	0	0.07500000000003837	0	0	0	0.65	0	78.9	0	1	0	1	0	0.10999999999999943
59.689	59.68912131519274	59.73912131519277	136	153	151	148	86.59	151	151	151	151	86.91	0	0	4.46	0	0	0	0	85	85	0	0.05000000000002558	0	0	0	0.035	0	82.3	0	1	0	0	0	0.14000000000000057
59.829	59.829121315192744	59.89412131519278	142	163	150	151	86.91	150	150	150	150	86.83	0	0	-0.03	0	0	0	0	84	84	0	0.06500000000003325	0	0	0	0.09	0	81.2	0	1	0	0	0	0.10999999999999943
59.939	59.93912131519274	59.99412131519277	114	125	118	120	82.89	118	118	118	118	82.73	0	0	-4.02	0	0	0	0	54	54	0	0.05500000000002814	0	0	0	0.045	0	79.8	0	1	0	0	0	0.22999999999999687
60.169	60.16912131519274	60.20912131519276	98	120	109	109	81.29	109	109	109	109	81.22	0	0	-1.37	0	0	0	0	44	44	0	0.040000000000020464	0	0	0	0.175	0	78.8	0	1	0	0	0	0.09500000000000597
60.264	60.264121315192746	60.33412131519278	97	104	98	99	79.69	98	98	98	98	79.49	0	0	-1.73	0	0	0	0	30	30	0	0.07000000000003581	0	0	0	0.055	0	77.1	0	1	0	0	0	0.09499999999999886
60.359	60.359121315192745	60.39412131519276	95	101	99	99	79.66	99	99	99	99	79.72	0	0	0.34	0	0	0	0	32	32	0	0.035000000000017906	0	0	0	0.025	0	73.7	0	1	0	0	0	0.2149999999999963
60.574	60.57412131519274	60.6891213151928	97	117	102	105	80.59	102	102	102	102	80.21	0	0	0.65	0	0	0	0	35	35	0	0.11500000000005883	0	0	0	0.18	0	77.8	0	1	0	0	0	0.1700000000000017
60.744	60.74412131519274	60.80412131519277	124	138	132	132	84.58	132	132	132	132	84.57	0	0	4.5	0	0	0	0	68	68	0	0.060000000000030695	0	0	0	0.055	0	80.1	0	1	0	0	0	0.16499999999999915
60.909	60.90912131519274	60.96412131519277	89	110	98	100	79.73	98	98	98	98	79.55	0	0	-4.98	0	0	0	0	30	30	0	0.05500000000002814	0	0	0	0.105	0	79.2	0	1	0	0	0	0.125
61.034	61.03412131519274	61.06412131519276	96	101	100	100	79.78	100	100	100	100	79.86	0	0	0.48	0	0	0	0	33	33	0	0.030000000000015348	0	0	0	0.07	0	79.4	0	1	0	0	0	0.06499999999999773
61.099	61.09912131519274	61.15412131519277	79	96	88	88	77.62	96	79	79	96	79.13	-1	-3.33	-0.59	0	-3.33	3.33	0	28	3	-25	0.05500000000002814	0	0	0	0.035	0	75.5	0	1	1	0	0.61	0.05500000000002814
61.764	61.764121315192746	61.8741213151928	99	116	110	111	81.63	110	110	110	110	81.52	0	0	5.87	0	0	0	0	45	45	0	0.11000000000005627	0	0	0	0.61	0	80.4	0	1	0	1	0	0.28999999999999915
62.054	62.054121315192745	62.094121315192766	96	106	104	103	80.37	104	104	104	104	80.56	0	0	-0.82	0	0	0	0	38	38	0	0.040000000000020464	0	0	0	0.18	0	77.9	0	1	0	0	0	0.07000000000000028
62.124	62.124121315192745	62.16912131519277	114	118	116	116	82.41	116	116	116	116	82.43	0	0	2.03	0	0	0	0	52	52	0	0.04500000000002302	0	0	0	0.03	0	78.7	0	1	0	0	0	0.10999999999999943
62.234	62.234121315192745	62.274121315192765	122	139	127	129	84.22	127	127	127	127	83.88	0	0	1.59	0	0	0	0	63	63	0	0.040000000000020464	0	0	0	0.065	0	80.7	0	1	0	0	0	0.11500000000000199
62.349	62.34912131519275	62.424121315192785	92	108	101	101	80.03	101	101	101	101	80	0	0	-3.86	0	0	0	0	34	34	0	0.07500000000003837	0	0	0	0.075	0	78	0	1	0	0	0	0.09499999999999886
62.444	62.444121315192746	62.51412131519278	77	86	81	82	76.3	81	81	81	81	76.22	0	0	-3.68	0	0	0	0	6	6	0	0.07000000000003581	0	0	0	0.02	0	74.6	0	1	0	0	0	0.134999999999998
62.579	62.579121315192744	62.62412131519277	83	92	89	89	77.72	89	89	89	89	77.83	0	0	1.76	0	0	0	0	18	18	0	0.04500000000002302	0	0	0	0.065	0	75.7	0	1	0	0	0	0.21000000000000085
62.789	62.789121315192745	62.86412131519278	79	104	91	91	78.2	104	79	79	104	80.57	-1	-4.78	2.86	0	-4.78	4.78	0	38	3	-35	0.07500000000003837	0	0	0	0.165	0	78.4	0	1	0	0	0	0.15500000000000114
62.944	62.944121315192746	62.95912131519275	86	87	87	86	77.28	87	87	87	87	77.33	0	0	1.69	0	0	0	0	15	15	0	0.015000000000007674	0	0	0	0.08	0	72.9	0	1	1	0	0.99	0.015000000000007674
63.949	63.94912131519274	64.02912131519274	97	102	101	100	79.9	101	101	101	101	79.95	0	0	2.63	0	0	0	0	34	34	0	0.0799999999999983	0	0	0	0.99	0	80.3	0	1	0	1	0	0.10999999999999943
64.059	64.05912131519274	64.0991213151927	104	116	112	111	81.69	112	112	112	112	81.78	0	0	1.89	0	0	0	0	47	47	0	0.03999999999996362	0	0	0	0.03	0	80.3	0	1	0	0	0	0.08499999999999375
64.144	64.14412131519273	64.21412131519267	94	112	104	104	80.45	104	104	104	104	80.52	0	0	-1.17	0	0	0	0	38	38	0	0.06999999999993634	0	0	0	0.045	0	81.6	0	1	0	0	0	0.12000000000000455
64.264	64.26412131519274	64.33912131519267	81	94	91	89	77.74	94	81	81	94	78.7	-1	-2.48	-1.7	0	-2.48	2.48	0	25	6	-19	0.07499999999993179	0	0	0	0.05	0	77	0	1	1	0	0.64	0.07499999999993179
64.979	64.97912131519274	65.03912131519269	98	112	112	110	81.45	112	112	112	112	81.73	0	0	5.65	0	0	0	0	47	47	0	0.05999999999994543	0	0	0	0.64	0	79.2	0	1	0	1	0	0.09499999999999886
65.074	65.07412131519274	65.13412131519269	84	107	103	100	79.74	103	103	103	103	80.24	0	0	-1.45	0	0	0	0	37	37	0	0.05999999999994543	0	0	0	0.035	0	79.4	0	1	0	0	0	0.2049999999999983
65.279	65.27912131519274	65.30912131519271	79	83	81	80	76.07	81	81	81	81	76.15	0	0	-4.09	0	0	0	0	6	6	0	0.029999999999972715	0	0	0	0.145	0	73.9	0	1	0	0	0	0.14999999999999147
65.429	65.42912131519273	65.45412131519271	80	86	83	84	76.72	83	83	83	83	76.67	0	0	0.59	0	0	0	0	9	9	0	0.024999999999977263	0	0	0	0.12	0	77.1	0	1	1	0	1.01	0.024999999999977263
66.464	66.46412131519274	66.49412131519271	144	151	147	148	86.55	147	147	147	147	86.49	0	0	9.99	0	0	0	0	82	82	0	0.029999999999972715	0	0	0	1.01	0	81.7	0	1	0	1	0	0.05499999999999261
66.519	66.51912131519273	66.5491213151927	157	159	158	158	87.71	158	158	158	158	87.74	0	0	1.34	0	0	0	0	91	91	0	0.029999999999972715	0	0	0	0.025	0	81.7	0	1	0	0	0	0.05500000000000682
66.574	66.57412131519274	66.78412131519255	136	169	161	160	87.91	167	136	136	167	88.64	-1	-3.58	0.99	0	-3.58	3.58	0	98	72	-27	0.209999999999809	0	0	0	0.025	0	81.7	0	1	0	0	0	0.35499999999998977
66.929	66.92912131519273	67.02412131519264	103	114	112	111	81.65	112	112	112	112	81.69	0	0	-3.36	0	0	0	0	47	47	0	0.0949999999999136	0	0	0	0.145	0	80.1	0	1	0	0	0	0.19000000000001194
67.119	67.11912131519274	67.19912131519267	79	120	95	97	79.31	120	79	79	120	83	-1	-7.26	1.31	0	-7.26	7.26	0	56	3	-54	0.07999999999992724	0	0	0	0.095	0	80.2	0	1	1	0	0.49	0.07999999999992724
67.689	67.68912131519274	67.75912131519267	131	147	135	137	85.21	135	135	135	135	85.03	0	0	9.38	0	0	0	0	71	71	0	0.06999999999993634	0	0	0	0.49	0	81.3	0	1	0	1	0	0.18999999999999773
67.879	67.87912131519273	67.95912131519266	137	159	148	148	86.55	148	148	148	148	86.61	0	0	1.68	0	0	0	0	83	83	0	0.07999999999992724	0	0	0	0.12	0	81.6	0	1	0	0	0	0.1150000000000091
67.994	67.99412131519274	68.0441213151927	121	128	127	125	83.65	127	127	127	127	83.87	0	0	-2.64	0	0	0	0	63	63	0	0.049999999999954525	0	0	0	0.035	0	80.6	0	1	0	0	0	0.0799999999999983
68.074	68.07412131519274	68.15912131519266	102	116	105	107	80.97	105	105	105	105	80.65	0	0	-3.22	0	0	0	0	39	39	0	0.08499999999992269	0	0	0	0.03	0	80.4	0	1	0	0	0	0.11999999999999034
68.194	68.19412131519273	68.26412131519267	85	102	98	96	79.18	98	98	98	98	79.45	0	0	-1.12	0	0	0	0	30	30	0	0.06999999999993634	0	0	0	0.035	0	78.5	0	1	0	0	0	0.23000000000000398
68.424	68.42412131519274	68.49412131519267	106	113	107	108	81.09	107	107	107	107	80.94	0	0	1.56	0	0	0	0	41	41	0	0.06999999999993634	0	0	0	0.16	0	77.8	0	1	0	0	0	0.09499999999999886
68.519	68.51912131519273	68.5491213151927	116	121	120	120	82.93	120	120	120	120	83.02	0	0	2.13	0	0	0	0	56	56	0	0.029999999999972715	0	0	0	0.025	0	77.7	0	1	0	0	0	0.10500000000000398
68.624	68.62412131519274	68.71412131519266	104	129	119	117	82.5	129	104	104	129	84.18	-1	-3.75	1.3	0	-3.75	3.75	0	65	38	-28	0.08999999999991815	0	0	0	0.075	0	80.4	0	1	0	0	0	0.10999999999999943
68.734	68.73412131519274	68.81412131519266	90	103	97	97	79.27	97	97	97	97	79.23	0	0	-1.18	0	0	0	0	29	29	0	0.07999999999992724	0	0	0	0.02	0	79.3	0	1	0	0	0	0.11499999999999488
68.849	68.84912131519273	68.89412131519269	89	97	96	94	78.83	96	96	96	96	79.07	0	0	-0.13	0	0	0	0	28	28	0	0.04499999999995907	0	0	0	0.035	0	77.1	0	1	0	0	0	0.10500000000000398
68.954	68.95412131519274	69.07912131519262	84	100	94	94	78.66	94	94	94	94	78.69	0	0	-0.33	0	0	0	0	25	25	0	0.12499999999988631	0	0	0	0.06	0	77.5	0	1	0	0	0	0.23999999999999488
69.194	69.19412131519273	69.26412131519267	84	106	95	94	78.71	106	84	84	106	80.88	-1	-3.97	2.22	0	-3.97	3.97	0	40	11	-30	0.06999999999993634	0	0	0	0.115	0	76.3	0	1	1	0	0.595	0.06999999999993634
69.859	69.85912131519274	69.99412131519261	106	128	111	115	82.24	106	114	106	114	82.12	1	1.3	4.12	1.3	0	1.3	0	40	49	9	0.13499999999987722	0	0	0	0.595	0	79.9	0	1	0	1	0	0.19499999999999318
70.054	70.05412131519273	70.10912131519268	113	151	134	133	84.67	134	134	134	134	84.89	0	0	2.9	0	0	0	0	70	70	0	0.05499999999994998	0	0	0	0.06	0	80.7	0	1	0	0	0	0.14500000000001023
70.199	70.19912131519274	70.33912131519261	95	106	99	99	79.69	99	99	99	99	79.68	0	0	-5.11	0	0	0	0	32	32	0	0.13999999999987267	0	0	0	0.09	0	78.6	0	1	0	0	0	0.25499999999999545
70.454	70.45412131519274	70.55912131519264	112	132	122	121	83.16	122	122	122	122	83.2	0	0	3.65	0	0	0	0	58	58	0	0.1049999999999045	0	0	0	0.115	0	81	0	1	0	0	0	0.14499999999999602
70.599	70.59912131519273	70.78912131519256	90	112	95	97	79.31	112	91	91	112	81.71	-1	-3.51	-1.45	0	-3.51	3.51	0	47	21	-27	0.1899999999998272	0	0	0	0.04	0	78.8	0	1	0	0	0	0.23000000000000398
70.829	70.82912131519274	70.96412131519261	104	135	121	119	82.86	105	135	105	135	84.98	1	4.39	2.5	4.39	0	4.39	0	39	71	31	0.13499999999987722	0	0	0	0.04	0	76	0	1	0	0	0	0.45999999999999375
71.289	71.28912131519273	71.34912131519268	93	111	99	99	79.61	99	99	99	99	79.62	0	0	-5.31	0	0	0	0	32	32	0	0.05999999999994543	0	0	0	0.325	0	75.3	0	1	0	0	0	0.10999999999999943
71.399	71.39912131519273	71.45912131519268	99	112	107	106	80.79	107	107	107	107	80.95	0	0	1.39	0	0	0	0	41	41	0	0.05999999999994543	0	0	0	0.05	0	79.8	0	1	0	0	0	0.125
71.524	71.52412131519273	71.56912131519269	80	97	93	91	78.14	93	93	93	93	78.62	0	0	-2.28	0	0	0	0	24	24	0	0.04499999999995907	0	0	0	0.065	0	77	0	1	0	0	0	0.10500000000000398
71.629	71.62912131519273	71.68412131519268	85	89	87	87	77.41	87	87	87	87	77.48	0	0	-0.99	0	0	0	0	15	15	0	0.05499999999994998	0	0	0	0.06	0	75.7	0	1	0	0	0	0.15000000000000568
71.779	71.77912131519274	71.87412131519265	69	109	92	94	78.8	109	69	69	109	81.3	-1	-7.87	3.99	0	-7.87	7.87	0	44	0	-59	0.0949999999999136	0	0	0	0.095	0	77.3	0	1	0	0	0	0.2950000000000017
72.074	72.07412131519274	72.14912131519267	81	96	84	85	77.04	84	84	84	84	76.87	0	0	3.56	0	0	0	0	11	11	0	0.07499999999993179	0	0	0	0.2	0	74.2	0	1	0	0	0	0.1599999999999966
72.234	72.23412131519274	72.28912131519269	77	88	81	81	76.29	81	81	81	81	76.13	0	0	-0.58	0	0	0	0	6	6	0	0.05499999999994998	0	0	0	0.085	0	74.8	0	1	1	0	1.17	0.05499999999994998
73.459	73.45912131519273	73.4991213151927	134	140	139	138	85.43	139	139	139	139	85.52	0	0	9.44	0	0	0	0	75	75	0	0.03999999999996362	0	0	0	1.17	0	81.7	0	1	0	1	0	0.07000000000000739
73.529	73.52912131519274	73.55412131519272	153	156	156	155	87.36	156	156	156	156	87.42	0	0	2	0	0	0	0	89	89	0	0.024999999999977263	0	0	0	0.03	0	80.8	0	1	0	0	0	0.03999999999999204
73.569	73.56912131519273	73.77912131519254	138	160	156	154	87.3	156	156	156	156	87.47	0	0	0.05	0	0	0	0	89	89	0	0.209999999999809	0	0	0	0.015	0	81.9	0	1	0	0	0	0.31500000000001194
73.884	73.88412131519274	73.95912131519268	99	124	105	106	80.88	105	105	105	105	80.62	0	0	-6.8	0	0	0	0	39	39	0	0.07499999999993179	0	0	0	0.105	0	79.6	0	1	0	0	0	0.11999999999999034
74.004	74.00412131519273	74.10412131519264	104	115	108	109	81.29	108	108	108	108	81.18	0	0	0.61	0	0	0	0	43	43	0	0.09999999999990905	0	0	0	0.045	0	80.3	0	1	0	0	0	0.16500000000000625
74.169	74.16912131519274	74.19912131519271	103	111	110	108	81.13	110	110	110	110	81.53	0	0	0.47	0	0	0	0	45	45	0	0.029999999999972715	0	0	0	0.065	0	79.2	0	1	0	0	0	0.19499999999999318
74.364	74.36412131519273	74.44912131519266	80	93	89	88	77.71	89	89	89	89	77.85	0	0	-3.53	0	0	0	0	18	18	0	0.08499999999992269	0	0	0	0.165	0	76.7	0	1	0	0	0	0.13500000000000512
74.499	74.49912131519274	74.57412131519267	87	94	94	93	78.49	94	94	94	94	78.66	0	0	0.95	0	0	0	0	25	25	0	0.07499999999993179	0	0	0	0.05	0	77	0	1	0	0	0	0.13500000000000512
74.634	74.63412131519274	74.75912131519263	90	108	98	100	79.73	108	90	90	108	81.15	-1	-3.1	2.49	0	-3.1	3.1	0	43	19	-24	0.12499999999988631	0	0	0	0.06	0	80.2	0	1	0	0	0	0.19499999999999318
74.829	74.82912131519274	74.96412131519261	135	221	189	183	90.27	145	221	145	221	93.46	1	4.9	8.26	4.9	0	4.9	0	80	100	53	0.13499999999987722	0	0	0	0.07	0	79.3	0	1	1	0	0.63	0.13499999999987722
75.594	75.59412131519274	75.62412131519271	89	94	92	91	78.23	92	92	92	92	78.29	0	0	-15.16	0	0	0	0	22	22	0	0.029999999999972715	0	0	0	0.63	0	70.3	0	1	0	1	0	0.07500000000000284
75.669	75.66912131519274	75.75412131519266	118	136	128	127	83.97	128	128	128	128	84	0	0	5.72	0	0	0	0	64	64	0	0.08499999999992269	0	0	0	0.045	0	79.8	0	1	0	0	0	0.19499999999999318
75.864	75.86412131519273	75.8941213151927	142	157	152	151	86.87	152	152	152	152	87.08	0	0	3.08	0	0	0	0	86	86	0	0.029999999999972715	0	0	0	0.11	0	81.3	0	1	0	0	0	0.13500000000000512
75.999	75.99912131519274	76.06912131519267	79	107	93	92	78.36	107	79	79	107	81	-1	-5.33	-5.98	0	-5.33	5.33	0	41	3	-39	0.06999999999993634	0	0	0	0.105	0	79	0	1	1	0	0.485	0.06999999999993634
76.554	76.55412131519273	76.82412131519249	89	146	128	118	82.67	146	89	89	146	86.37	-1	-8.61	10.72	0	-8.61	8.61	0	81	18	-64	0.26999999999975444	0	0	0	0.485	0	81.6	0	1	0	1	0	0.4300000000000068
76.984	76.98412131519274	77.0191213151927	129	152	150	147	86.45	150	150	150	150	86.83	0	0	9.12	0	0	0	0	84	84	0	0.03499999999996817	0	0	0	0.16	0	82.5	0	1	0	0	0	0.17499999999999716
77.159	77.15912131519273	77.24412131519266	125	149	138	138	85.31	138	138	138	138	85.41	0	0	-1.33	0	0	0	0	74	74	0	0.08499999999992269	0	0	0	0.14	0	79.7	0	1	0	0	0	0.11499999999999488
77.274	77.27412131519273	77.3141213151927	96	107	99	100	79.76	99	99	99	99	79.69	0	0	-5.61	0	0	0	0	32	32	0	0.03999999999996362	0	0	0	0.03	0	78.7	0	1	0	0	0	0.24500000000000455
77.519	77.51912131519273	77.64412131519262	96	122	105	106	80.88	105	105	105	105	80.67	0	0	1.12	0	0	0	0	39	39	0	0.12499999999988631	0	0	0	0.205	0	81	0	1	0	0	0	0.28000000000000114
77.799	77.79912131519274	77.85912131519268	90	108	101	101	79.94	101	101	101	101	79.94	0	0	-0.63	0	0	0	0	34	34	0	0.05999999999994543	0	0	0	0.155	0	81.5	0	1	0	0	0	0.12999999999999545
77.929	77.92912131519273	77.99912131519267	85	108	100	98	79.5	100	100	100	100	79.81	0	0	-0.09	0	0	0	0	33	33	0	0.06999999999993634	0	0	0	0.07	0	79.2	0	1	0	0	0	0.13500000000000512
78.064	78.06412131519274	78.1041213151927	83	93	90	88	77.65	90	90	90	90	77.99	0	0	-1.74	0	0	0	0	19	19	0	0.03999999999996362	0	0	0	0.065	0	77.4	0	1	0	0	0	0.0899999999999892
78.154	78.15412131519273	78.1841213151927	75	87	86	82	76.47	86	86	86	86	77.26	0	0	-0.64	0	0	0	0	14	14	0	0.029999999999972715	0	0	0	0.05	0	73.3	0	1	0	0	0	0.0800000000000125
78.234	78.23412131519274	78.2741213151927	80	87	84	83	76.66	84	84	84	84	76.87	0	0	-0.24	0	0	0	0	11	11	0	0.03999999999996362	0	0	0	0.05	0	72.1	0	1	0	0	0	0.10999999999999943
78.344	78.34412131519274	78.40912131519268	79	94	87	86	77.3	87	87	87	87	77.33	0	0	0.62	0	0	0	0	15	15	0	0.06499999999994088	0	0	0	0.07	0	74	0	1	0	0	0	0.15000000000000568
78.494	78.49412131519274	78.5441213151927	85	89	88	88	77.6	88	88	88	88	77.6	0	0	0.28	0	0	0	0	17	17	0	0.049999999999954525	0	0	0	0.085	0	73	0	1	1	0	0.775	0.049999999999954525
79.319	79.31912131519273	79.43412131519263	81	116	109	108	81.1	116	81	81	116	82.32	-1	-6.19	4.8	0	-6.19	6.19	0	52	6	-46	0.11499999999989541	0	0	0	0.775	0	79.8	0	1	0	1	0	0.24500000000000455
79.564	79.56412131519274	79.6041213151927	96	104	102	100	79.82	102	102	102	102	80.07	0	0	3.99	0	0	0	0	35	35	0	0.03999999999996362	0	0	0	0.13	0	80	0	1	0	0	0	0.17499999999999716
79.739	79.73912131519273	79.78912131519269	105	126	115	115	82.17	115	115	115	115	82.26	0	0	2.2	0	0	0	0	51	51	0	0.049999999999954525	0	0	0	0.135	0	80	0	1	0	0	0	0.07500000000000284
79.814	79.81412131519274	79.8491213151927	92	104	98	97	79.25	98	98	98	98	79.47	0	0	-2.68	0	0	0	0	30	30	0	0.03499999999996817	0	0	0	0.025	0	79.2	0	1	0	0	0	0.1599999999999966
79.974	79.97412131519273	80.02912131519268	86	95	92	92	78.3	92	92	92	92	78.34	0	0	-1.03	0	0	0	0	22	22	0	0.05499999999994998	0	0	0	0.125	0	78.5	0	1	0	0	0	0.15000000000000568
80.124	80.12412131519274	80.17912131519269	91	98	96	95	78.98	96	96	96	96	79.08	0	0	0.79	0	0	0	0	28	28	0	0.05499999999994998	0	0	0	0.095	0	77.6	0	1	0	0	0	0.15500000000000114
80.279	80.27912131519274	80.39912131519263	156	237	206	204	92.11	156	235	156	235	94.57	1	7.06	8.49	7.06	0	7.06	0	89	100	52	0.11999999999989086	0	0	0	0.1	0	80	0	1	1	0	0.61	0.11999999999989086
81.009	81.00912131519274	81.0591213151927	141	148	146	146	86.33	146	146	146	146	86.37	0	0	-8.15	0	0	0	0	81	81	0	0.049999999999954525	0	0	0	0.61	0	80.9	0	1	0	1	0	0.0799999999999983
81.089	81.08912131519274	81.11412131519272	150	156	156	155	87.33	156	156	156	156	87.46	0	0	1.18	0	0	0	0	89	89	0	0.024999999999977263	0	0	0	0.03	0	80.2	0	1	0	0	0	0.05499999999999261
81.144	81.14412131519273	81.35912131519254	127	161	154	153	87.15	161	127	127	161	88.03	-1	-4.06	0.6	0	-4.06	4.06	0	93	63	-31	0.21499999999980446	0	0	0	0.03	0	80.9	0	1	0	0	0	0.355000000000004
81.499	81.49912131519274	81.61412131519263	113	120	114	115	82.23	114	114	114	114	82.04	0	0	-1.83	0	0	0	0	49	49	0	0.11499999999989541	0	0	0	0.14	0	79.9	0	1	1	0	0.4	0.11499999999989541
82.014	82.01412131519274	82.09412131519267	99	104	103	102	80.17	103	103	103	103	80.33	0	0	-1.67	0	0	0	0	37	37	0	0.07999999999992724	0	0	0	0.4	0	78.9	0	1	0	1	0	0.14499999999999602
82.159	82.15912131519273	82.23912131519266	112	129	125	125	83.61	125	125	125	125	83.65	0	0	3.42	0	0	0	0	61	61	0	0.07999999999992724	0	0	0	0.065	0	80.5	0	1	0	0	0	0.23000000000000398
82.389	82.38912131519274	82.47912131519266	101	115	108	107	81.01	115	101	101	115	82.25	-1	-2.34	-1.34	0	-2.34	2.34	0	51	34	-17	0.08999999999991815	0	0	0	0.15	0	81.1	0	1	1	0	0.49	0.08999999999991815
82.969	82.96912131519274	83.02912131519268	100	108	107	105	80.62	107	107	107	107	80.94	0	0	1.04	0	0	0	0	41	41	0	0.05999999999994543	0	0	0	0.49	0	77.9	0	1	0	1	0	0.11499999999999488
83.084	83.08412131519273	83.15412131519267	85	101	92	92	78.36	92	92	92	92	78.43	0	0	-2.47	0	0	0	0	22	22	0	0.06999999999993634	0	0	0	0.055	0	78.2	0	1	0	0	0	0.15000000000000568
83.234	83.23412131519274	83.31912131519266	87	91	90	89	77.89	90	90	90	90	78.02	0	0	-0.27	0	0	0	0	19	19	0	0.08499999999992269	0	0	0	0.08	0	76.4	0	1	0	0	0	0.11499999999999488
83.349	83.34912131519273	83.3891213151927	85	96	92	92	78.39	92	92	92	92	78.39	0	0	0.48	0	0	0	0	22	22	0	0.03999999999996362	0	0	0	0.03	0	74.1	0	1	0	0	0	0.10500000000000398
83.454	83.45412131519274	83.4941213151927	82	91	87	86	77.31	87	87	87	87	77.41	0	0	-0.87	0	0	0	0	15	15	0	0.03999999999996362	0	0	0	0.065	0	75.7	0	1	0	0	0	0.15000000000000568
83.604	83.60412131519274	83.65912131519269	75	89	77	79	75.85	77	77	77	77	75.36	0	0	-1.95	0	0	0	0	0	0	0	0.05499999999994998	0	0	0	0.11	0	73.9	0	1	0	0	0	0.10999999999998522
83.714	83.71412131519273	83.7441213151927	87	94	90	91	78.14	90	90	90	90	78.03	0	0	2.83	0	0	0	0	19	19	0	0.029999999999972715	0	0	0	0.055	0	72.3	0	1	1	0	0.89	0.029999999999972715
84.634	84.63412131519274	84.76412131519263	122	154	140	140	85.6	140	140	140	140	85.59	0	0	7.69	0	0	0	0	76	76	0	0.12999999999988177	0	0	0	0.89	0	81.3	0	1	0	1	0	0.20999999999999375
84.844	84.84412131519274	84.97912131519261	139	166	156	155	87.32	166	148	148	166	88.58	-1	-1.96	3.03	0	-1.96	1.96	0	97	83	-15	0.13499999999987722	0	0	0	0.08	0	82.5	0	1	0	0	0	0.23999999999999488
85.084	85.08412131519273	85.16412131519266	108	122	115	115	82.24	115	115	115	115	82.2	0	0	-4.32	0	0	0	0	51	51	0	0.07999999999992724	0	0	0	0.105	0	80.8	0	1	0	0	0	0.2049999999999983
85.289	85.28912131519273	85.35912131519267	96	114	104	105	80.6	104	104	104	104	80.56	0	0	-1.58	0	0	0	0	38	38	0	0.06999999999993634	0	0	0	0.125	0	77.6	0	1	0	0	0	0.14000000000000057
85.429	85.42912131519273	85.52912131519264	97	102	99	99	79.61	99	99	99	99	79.67	0	0	-0.74	0	0	0	0	32	32	0	0.09999999999990905	0	0	0	0.07	0	79.3	0	1	0	0	0	0.13000000000000966
85.559	85.55912131519274	85.6091213151927	89	104	99	98	79.39	99	99	99	99	79.59	0	0	0.03	0	0	0	0	32	32	0	0.049999999999954525	0	0	0	0.03	0	78.4	0	1	0	0	0	0.10499999999998977
85.664	85.66412131519273	85.71412131519268	93	97	95	95	78.95	95	95	95	95	79	0	0	-0.56	0	0	0	0	26	26	0	0.049999999999954525	0	0	0	0.055	0	78.3	0	1	0	0	0	0.07500000000000284
85.739	85.73912131519273	85.7741213151927	84	98	96	93	78.51	96	96	96	96	79.03	0	0	0.19	0	0	0	0	28	28	0	0.03499999999996817	0	0	0	0.025	0	76.7	0	1	0	0	0	0.0799999999999983
85.819	85.81912131519273	85.8591213151927	87	99	97	97	79.24	97	97	97	97	79.34	0	0	0.32	0	0	0	0	29	29	0	0.03999999999996362	0	0	0	0.045	0	75.6	0	1	0	0	0	0.12000000000000455
85.939	85.93912131519274	85.9741213151927	92	96	94	94	78.68	94	94	94	94	78.74	0	0	-0.45	0	0	0	0	25	25	0	0.03499999999996817	0	0	0	0.08	0	75.7	0	1	0	0	0	0.07500000000000284
86.014	86.01412131519274	86.10412131519266	85	92	88	88	77.58	88	88	88	88	77.66	0	0	-1	0	0	0	0	17	17	0	0.08999999999991815	0	0	0	0.04	0	75	0	1	0	0	0	0.15500000000000114
86.169	86.16912131519274	86.22412131519269	85	88	87	87	77.35	87	87	87	87	77.41	0	0	-0.11	0	0	0	0	15	15	0	0.05499999999994998	0	0	0	0.065	0	72.3	0	1	0	0	0	0.16499999999999204
86.334	86.33412131519273	86.38912131519268	84	96	94	92	78.41	94	94	94	94	78.73	0	0	1.41	0	0	0	0	25	25	0	0.05499999999994998	0	0	0	0.11	0	76.2	0	1	0	0	0	0.125
86.459	86.45912131519273	86.50412131519269	93	101	98	98	79.52	98	98	98	98	79.52	0	0	0.87	0	0	0	0	30	30	0	0.04499999999995907	0	0	0	0.07	0	75.3	0	1	0	0	0	0.1150000000000091
86.574	86.57412131519274	86.65912131519266	152	241	203	202	91.94	152	236	152	236	94.63	1	7.6	7.65	7.6	0	7.6	0	86	100	56	0.08499999999992269	0	0	0	0.07	0	80.8	0	1	1	0	0.63	0.08499999999992269
87.289	87.28912131519273	87.34412131519268	91	111	111	108	81.17	111	111	111	111	81.54	0	0	-13.05	0	0	0	0	46	46	0	0.05499999999994998	0	0	0	0.63	0	79.1	0	1	0	1	0	0.14000000000000057
87.429	87.42912131519273	87.4641213151927	130	153	147	145	86.17	147	147	147	147	86.4	0	0	4.87	0	0	0	0	82	82	0	0.03499999999996817	0	0	0	0.085	0	81.4	0	1	0	0	0	0.060000000000002274
87.489	87.48912131519273	87.53412131519269	124	139	136	134	84.8	136	136	136	136	85.12	0	0	-1.28	0	0	0	0	72	72	0	0.04499999999995907	0	0	0	0.025	0	81.3	0	1	0	0	0	0.07000000000000739
87.559	87.55912131519274	87.6091213151927	104	120	113	112	81.75	113	113	113	113	81.88	0	0	-3.17	0	0	0	0	48	48	0	0.049999999999954525	0	0	0	0.025	0	79.9	0	1	0	0	0	0.07500000000000284
87.634	87.63412131519274	87.66912131519271	96	106	103	102	80.13	103	103	103	103	80.31	0	0	-1.53	0	0	0	0	37	37	0	0.03499999999996817	0	0	0	0.025	0	78.2	0	1	0	0	0	0.11499999999999488
87.749	87.74912131519274	87.82412131519267	83	102	93	93	78.51	102	83	83	102	80.16	-1	-3.59	-0.08	0	-3.59	3.59	0	35	9	-27	0.07499999999993179	0	0	0	0.08	0	79	0	1	1	0	0.57	0.07499999999993179
88.394	88.39412131519273	88.4341213151927	112	117	115	115	82.16	115	115	115	115	82.17	0	0	5.67	0	0	0	0	51	51	0	0.03999999999996362	0	0	0	0.57	0	81.5	0	1	0	1	0	0.05500000000000682
88.449	88.44912131519274	88.48412131519271	116	126	125	124	83.58	125	125	125	125	83.7	0	0	1.55	0	0	0	0	61	61	0	0.03499999999996817	0	0	0	0.015	0	81.7	0	1	0	0	0	0.11499999999999488
88.564	88.56412131519274	88.62412131519268	120	142	133	132	84.63	133	133	133	133	84.77	0	0	1.18	0	0	0	0	69	69	0	0.05999999999994543	0	0	0	0.08	0	82.2	0	1	0	0	0	0.14000000000000057
88.704	88.70412131519274	88.76412131519268	99	104	99	100	79.8	99	99	99	99	79.67	0	0	-4.99	0	0	0	0	32	32	0	0.05999999999994543	0	0	0	0.08	0	78.2	0	1	0	0	0	0.20999999999999375
88.914	88.91412131519273	88.98912131519266	100	124	113	113	81.87	113	113	113	113	81.98	0	0	2.43	0	0	0	0	48	48	0	0.07499999999993179	0	0	0	0.15	0	78.9	0	1	0	0	0	0.14000000000000057
89.054	89.05412131519273	89.14412131519265	93	101	96	96	79.17	96	96	96	96	79.04	0	0	-2.8	0	0	0	0	28	28	0	0.08999999999991815	0	0	0	0.065	0	78.2	0	1	0	0	0	0.13000000000000966
89.184	89.18412131519274	89.2291213151927	75	91	87	86	77.22	87	87	87	87	77.49	0	0	-1.53	0	0	0	0	15	15	0	0.04499999999995907	0	0	0	0.04	0	76.9	0	1	0	0	0	0.1349999999999909
89.319	89.31912131519273	89.43412131519263	92	102	93	96	79.03	93	93	93	93	78.6	0	0	1.29	0	0	0	0	24	24	0	0.11499999999989541	0	0	0	0.09	0	77.6	0	1	0	0	0	0.16500000000000625
89.484	89.48412131519274	89.55912131519267	101	114	108	107	81.01	108	108	108	108	81.11	0	0	2.64	0	0	0	0	43	43	0	0.07499999999993179	0	0	0	0.05	0	77.9	0	1	0	0	0	0.17499999999999716
89.659	89.65912131519273	89.75912131519264	73	86	82	81	76.23	82	82	82	82	76.43	0	0	-4.62	0	0	0	0	8	8	0	0.09999999999990905	0	0	0	0.1	0	75.1	0	1	0	0	0	0.15000000000000568
89.809	89.80912131519274	89.86912131519269	82	89	84	85	76.95	84	84	84	84	76.86	0	0	0.57	0	0	0	0	11	11	0	0.05999999999994543	0	0	0	0.05	0	73.1	0	1	0	0	0	0.125
89.934	89.93412131519274	89.9841213151927	79	84	81	81	76.23	81	81	81	81	76.28	0	0	-0.43	0	0	0	0	6	6	0	0.049999999999954525	0	0	0	0.065	0	72	0	1	1	0	1.215	0.049999999999954525
91.199	91.19912131519274	91.33412131519262	111	148	129	131	84.43	111	141	111	141	85.69	1	4.04	5.57	4.04	0	4.04	0	46	77	30	0.13499999999987722	0	0	0	1.215	0	80.2	0	1	0	1	0	0.20999999999999375
91.409	91.40912131519273	91.54412131519261	141	166	158	156	87.46	166	152	152	166	88.55	-1	-1.47	2.88	0	-1.47	1.47	0	97	86	-12	0.13499999999987722	0	0	0	0.075	0	82.3	0	1	0	0	0	0.23000000000000398
91.639	91.63912131519274	91.71912131519267	105	112	108	108	81.19	108	108	108	108	81.2	0	0	-5.78	0	0	0	0	43	43	0	0.07999999999992724	0	0	0	0.095	0	80.4	0	1	0	0	0	0.15500000000000114
91.794	91.79412131519274	91.85412131519269	107	121	110	112	81.73	110	110	110	110	81.45	0	0	0.39	0	0	0	0	45	45	0	0.05999999999994543	0	0	0	0.075	0	79.3	0	1	0	0	0	0.11499999999999488
91.909	91.90912131519273	91.96412131519268	95	112	103	103	80.4	103	103	103	103	80.3	0	0	-1.07	0	0	0	0	37	37	0	0.05499999999994998	0	0	0	0.055	0	78	0	1	0	0	0	0.15000000000000568
92.059	92.05912131519274	92.15412131519265	95	101	96	97	79.24	96	96	96	96	79.11	0	0	-1.13	0	0	0	0	28	28	0	0.0949999999999136	0	0	0	0.095	0	76.8	0	1	0	0	0	0.12999999999999545
92.189	92.18912131519274	92.2241213151927	98	104	102	101	80.07	102	102	102	102	80.17	0	0	1.15	0	0	0	0	35	35	0	0.03499999999996817	0	0	0	0.035	0	78	0	1	0	0	0	0.13500000000000512
92.324	92.32412131519274	92.40412131519267	90	103	95	96	79.1	95	95	95	95	78.94	0	0	-1.13	0	0	0	0	26	26	0	0.07999999999992724	0	0	0	0.1	0	80.3	0	1	0	0	0	0.2049999999999983
92.529	92.52912131519274	92.5691213151927	92	96	95	95	78.87	95	95	95	95	78.96	0	0	0.12	0	0	0	0	26	26	0	0.03999999999996362	0	0	0	0.125	0	76.5	0	1	0	0	0	0.06999999999999318
92.599	92.59912131519273	92.6341213151927	94	96	96	95	79	96	96	96	96	79.04	0	0	0.2	0	0	0	0	28	28	0	0.03499999999996817	0	0	0	0.03	0	77	0	1	0	0	0	0.14500000000001023
92.744	92.74412131519274	92.80912131519268	84	98	97	96	79.04	97	97	97	97	79.21	0	0	0.2	0	0	0	0	29	29	0	0.06499999999994088	0	0	0	0.11	0	76.2	0	1	0	0	0	0.1349999999999909
92.879	92.87912131519273	92.90412131519271	84	97	96	94	78.81	96	96	96	96	79.18	0	0	-0.02	0	0	0	0	28	28	0	0.024999999999977263	0	0	0	0.07	0	76	0	1	0	0	0	0.060000000000002274
92.939	92.93912131519274	93.01412131519267	86	96	91	91	78.12	91	91	91	91	78.16	0	0	-0.86	0	0	0	0	21	21	0	0.07499999999993179	0	0	0	0.035	0	75.7	0	1	0	0	0	0.1599999999999966
93.099	93.09912131519273	93.14912131519269	94	104	99	98	79.46	99	99	99	99	79.73	0	0	1.63	0	0	0	0	32	32	0	0.049999999999954525	0	0	0	0.085	0	78.1	0	1	0	0	0	0.10999999999999943
93.209	93.20912131519273	93.28912131519266	88	95	91	92	78.33	91	91	91	91	78.16	0	0	-1.39	0	0	0	0	21	21	0	0.07999999999992724	0	0	0	0.06	0	77.6	0	1	0	0	0	0.15000000000000568
93.359	93.35912131519274	93.38912131519271	90	105	99	97	79.26	99	99	99	99	79.7	0	0	1.6	0	0	0	0	32	32	0	0.029999999999972715	0	0	0	0.07	0	77.3	0	1	0	0	0	0.06499999999999773
93.424	93.42412131519274	93.49412131519267	85	90	89	88	77.6	89	89	89	89	77.73	0	0	-1.82	0	0	0	0	18	18	0	0.06999999999993634	0	0	0	0.035	0	76.1	0	1	0	0	0	0.269999999999996
93.694	93.69412131519273	93.73912131519269	99	110	107	106	80.8	107	107	107	107	81.01	0	0	3.3	0	0	0	0	41	41	0	0.04499999999995907	0	0	0	0.2	0	79.8	0	1	0	0	0	0.13500000000000512
93.829	93.82912131519274	93.8741213151927	118	129	127	126	83.74	127	127	127	127	83.97	0	0	3.08	0	0	0	0	63	63	0	0.04499999999995907	0	0	0	0.09	0	81.1	0	1	0	0	0	0.15500000000000114
93.984	93.98412131519274	94.05412131519267	103	118	113	112	81.69	113	113	113	113	81.91	0	0	-1.95	0	0	0	0	48	48	0	0.06999999999993634	0	0	0	0.11	0	81	0	1	0	0	0	0.1799999999999926
94.164	94.16412131519273	94.29412131519261	84	98	96	95	78.91	96	96	96	96	79.03	0	0	-2.81	0	0	0	0	28	28	0	0.12999999999988177	0	0	0	0.11	0	77.9	0	1	0	0	0	0.1950000000000074
94.359	94.35912131519274	94.42912131519267	87	98	91	92	78.45	91	91	91	91	78.19	0	0	-0.83	0	0	0	0	21	21	0	0.06999999999993634	0	0	0	0.065	0	78.3	0	1	0	0	0	0.17499999999999716
94.534	94.53412131519273	94.59412131519268	85	90	88	88	77.68	88	88	88	88	77.68	0	0	-0.41	0	0	0	0	17	17	0	0.05999999999994543	0	0	0	0.105	0	76.1	0	1	0	0	0	0.23000000000000398
94.764	94.76412131519274	94.85412131519266	93	107	95	97	79.25	95	95	95	95	78.85	0	0	1.34	0	0	0	0	26	26	0	0.08999999999991815	0	0	0	0.17	0	77.3	0	1	0	0	0	0.22499999999999432
94.989	94.98912131519273	95.03912131519269	100	117	107	107	80.99	107	107	107	107	80.97	0	0	2.14	0	0	0	0	41	41	0	0.049999999999954525	0	0	0	0.135	0	80.3	0	1	0	0	0	0.12000000000000455
95.109	95.10912131519274	95.1441213151927	99	105	100	101	80.06	100	100	100	100	79.75	0	0	-1.15	0	0	0	0	33	33	0	0.03499999999996817	0	0	0	0.07	0	78.4	0	1	0	0	0	0.060000000000002274
95.169	95.16912131519274	95.2191213151927	82	93	92	89	77.9	92	92	92	92	78.36	0	0	-1.36	0	0	0	0	22	22	0	0.049999999999954525	0	0	0	0.025	0	76.8	0	1	0	0	0	0.1700000000000017
95.339	95.33912131519274	95.43912131519265	134	222	179	182	90.14	134	222	134	222	93.6	1	8.69	6.63	8.69	0	8.69	0	70	100	64	0.09999999999990905	0	0	0	0.12	0	77.4	0	1	1	0	0.595	0.09999999999990905
96.034	96.03412131519273	96.09912131519268	114	121	119	119	82.79	119	119	119	119	82.78	0	0	-10.75	0	0	0	0	55	55	0	0.06499999999994088	0	0	0	0.595	0	80.8	0	1	0	1	0	0.12999999999999545
96.164	96.16412131519273	96.36912131519254	88	143	135	123	83.31	141	88	88	141	85.77	-1	-7.51	3.03	0	-7.51	7.51	0	77	17	-61	0.20499999999981355	0	0	0	0.065	0	81.3	0	1	0	0	0	0.28000000000000114
96.444	96.44412131519273	96.4741213151927	92	113	112	107	80.99	112	112	112	112	81.81	0	0	4.3	0	0	0	0	47	47	0	0.029999999999972715	0	0	0	0.075	0	76.2	0	1	0	0	0	0.10999999999999943
96.554	96.55412131519273	96.5941213151927	76	89	86	85	76.93	86	86	86	86	77.3	0	0	-4.39	0	0	0	0	14	14	0	0.03999999999996362	0	0	0	0.08	0	76.5	0	1	0	0	0	0.1150000000000091
96.669	96.66912131519274	96.72912131519269	75	85	84	83	76.52	84	84	84	84	76.73	0	0	-0.39	0	0	0	0	11	11	0	0.05999999999994543	0	0	0	0.075	0	74.5	0	1	1	0	1.32	0.05999999999994543
98.049	98.04912131519274	98.12912131519266	145	149	148	148	86.54	148	148	148	148	86.56	0	0	9.85	0	0	0	0	83	83	0	0.07999999999992724	0	0	0	1.32	0	80.1	0	1	0	1	0	0.10999999999999943
98.159	98.15912131519273	98.33412131519258	112	143	123	124	83.48	123	123	123	123	83.38	0	0	-3.13	0	0	0	0	59	59	0	0.17499999999984084	0	0	0	0.03	0	81.6	0	1	0	0	0	0.4000000000000057
98.559	98.55912131519274	98.6041213151927	107	111	111	110	81.49	111	111	111	111	81.54	0	0	-1.77	0	0	0	0	46	46	0	0.04499999999995907	0	0	0	0.225	0	81.1	0	1	0	0	0	0.08499999999999375
98.644	98.64412131519273	98.6741213151927	121	124	124	123	83.4	124	124	124	124	83.46	0	0	1.93	0	0	0	0	60	60	0	0.029999999999972715	0	0	0	0.04	0	80.8	0	1	0	0	0	0.06499999999999773
98.709	98.70912131519273	98.79412131519265	100	130	126	123	83.36	126	126	126	126	83.76	0	0	0.31	0	0	0	0	62	62	0	0.08499999999992269	0	0	0	0.035	0	81.2	0	1	0	0	0	0.1700000000000017
98.879	98.87912131519273	98.99912131519262	89	100	94	94	78.79	94	94	94	94	78.73	0	0	-5	0	0	0	0	25	25	0	0.11999999999989086	0	0	0	0.085	0	78	0	1	0	0	0	0.17499999999999716
99.054	99.05412131519273	99.0941213151927	98	106	103	102	80.08	103	103	103	103	80.25	0	0	1.6	0	0	0	0	37	37	0	0.03999999999996362	0	0	0	0.055	0	80.3	0	1	0	0	0	0.06500000000001194
99.119	99.11912131519274	99.17912131519269	86	103	99	98	79.38	99	99	99	99	79.7	0	0	-0.54	0	0	0	0	32	32	0	0.05999999999994543	0	0	0	0.025	0	79.5	0	1	0	0	0	0.10999999999999943
99.229	99.22912131519274	99.2691213151927	86	97	90	90	78.05	90	90	90	90	78.05	0	0	-1.5	0	0	0	0	19	19	0	0.03999999999996362	0	0	0	0.05	0	69.6	0	1	0	0	0	0.11499999999999488
99.344	99.34412131519274	99.40912131519268	86	94	91	90	78.08	91	91	91	91	78.13	0	0	0.23	0	0	0	0	21	21	0	0.06499999999994088	0	0	0	0.075	0	78.3	0	1	0	0	0	0.15000000000000568
99.494	99.49412131519274	99.60412131519264	169	217	205	199	91.65	170	217	170	217	93.14	1	3.61	10.9	3.61	0	3.61	0	100	100	31	0.10999999999989996	0	0	0	0.085	0	79.9	0	1	1	0	0.77	0.10999999999989996
100.374	100.37412131519274	100.47412131519265	103	111	105	106	80.77	105	105	105	105	80.72	0	0	-12.42	0	0	0	0	39	39	0	0.09999999999990905	0	0	0	0.77	0	78.7	0	1	0	1	0	0.12999999999999545
100.504	100.50412131519273	100.56912131519267	125	136	134	133	84.77	134	134	134	134	84.89	0	0	4.32	0	0	0	0	70	70	0	0.06499999999994088	0	0	0	0.03	0	82.3	0	1	0	0	0	0.21000000000000796
100.714	100.71412131519274	100.79412131519267	97	116	99	101	80.04	99	99	99	99	79.61	0	0	-5.18	0	0	0	0	32	32	0	0.07999999999992724	0	0	0	0.145	0	79.2	0	1	0	0	0	0.1700000000000017
100.884	100.88412131519274	100.96912131519267	78	91	86	85	76.96	86	86	86	86	77.12	0	0	-2.43	0	0	0	0	14	14	0	0.08499999999992269	0	0	0	0.09	0	75.7	0	1	0	0	0	0.10999999999999943
100.994	100.99412131519274	101.06912131519267	77	82	81	80	75.99	81	81	81	81	76.11	0	0	-1	0	0	0	0	6	6	0	0.07499999999993179	0	0	0	0.025	0	71.1	0	1	1	0	0.905	0.07499999999993179
101.974	101.97412131519273	102.06412131519265	108	115	113	112	81.81	113	113	113	113	81.98	0	0	5.9	0	0	0	0	48	48	0	0.08999999999991815	0	0	0	0.905	0	79.6	0	1	0	1	0	0.1600000000000108
102.134	102.13412131519274	102.21412131519267	87	125	106	105	80.59	125	87	87	125	83.63	-1	-6.16	1.79	0	-6.16	6.16	0	61	15	-47	0.07999999999992724	0	0	0	0.07	0	80.1	0	1	0	0	0	0.1699999999999875
102.304	102.30412131519273	102.40412131519264	93	101	94	95	78.95	94	94	94	94	78.71	0	0	1.39	0	0	0	0	25	25	0	0.09999999999990905	0	0	0	0.09	0	77.9	0	1	0	0	0	0.12000000000000455
102.424	102.42412131519274	102.55912131519261	80	106	100	97	79.25	101	80	80	101	79.91	-1	-3.68	1.26	0	-3.68	3.68	0	34	4	-30	0.13499999999987722	0	0	0	0.02	0	77.6	0	1	1	0	0.55	0.13499999999987722
103.109	103.10912131519274	103.23412131519262	104	131	114	117	82.45	106	130	106	130	84.39	1	3.59	4.94	3.59	0	3.59	0	40	66	25	0.12499999999988631	0	0	0	0.55	0	80.3	0	1	0	1	0	0.16500000000000625
103.274	103.27412131519274	103.3241213151927	133	140	139	138	85.4	139	139	139	139	85.48	0	0	1.21	0	0	0	0	75	75	0	0.049999999999954525	0	0	0	0.04	0	81.1	0	1	0	0	0	0.10499999999998977
103.379	103.37912131519273	103.47412131519265	121	140	136	135	84.96	136	136	136	136	85.16	0	0	-0.27	0	0	0	0	72	72	0	0.0949999999999136	0	0	0	0.055	0	81.1	0	1	0	0	0	0.13500000000000512
103.514	103.51412131519274	103.61912131519264	91	128	110	111	81.53	128	91	91	128	84	-1	-5.78	-1.05	0	-5.78	5.78	0	64	21	-44	0.1049999999999045	0	0	0	0.04	0	79.8	0	1	0	0	0	0.1700000000000017
103.684	103.68412131519274	103.74412131519269	90	97	93	93	78.61	93	93	93	93	78.63	0	0	0.53	0	0	0	0	24	24	0	0.05999999999994543	0	0	0	0.065	0	78.5	0	1	0	0	0	0.08499999999999375
103.769	103.76912131519273	103.8091213151927	92	98	96	95	79.01	96	96	96	96	79.17	0	0	0.7	0	0	0	0	28	28	0	0.03999999999996362	0	0	0	0.025	0	77.8	0	1	0	0	0	0.09000000000000341
103.859	103.85912131519274	103.97412131519263	91	104	99	98	79.46	99	99	99	99	79.69	0	0	0.67	0	0	0	0	32	32	0	0.11499999999989541	0	0	0	0.05	0	77.9	0	1	0	0	0	0.15000000000000568
104.009	104.00912131519274	104.0641213151927	80	86	82	82	76.44	82	82	82	82	76.45	0	0	-3.1	0	0	0	0	8	8	0	0.05499999999994998	0	0	0	0.035	0	75.6	0	1	0	0	0	0.14999999999999147
104.159	104.15912131519273	104.2041213151927	78	90	87	85	77.05	87	87	87	87	77.43	0	0	1.14	0	0	0	0	15	15	0	0.04499999999995907	0	0	0	0.095	0	75.1	0	1	0	0	0	0.10000000000000853
104.259	104.25912131519274	104.36912131519264	77	84	82	82	76.38	82	82	82	82	76.38	0	0	-0.93	0	0	0	0	8	8	0	0.10999999999989996	0	0	0	0.055	0	73.2	0	1	0	0	0	0.14499999999999602
104.404	104.40412131519274	104.43912131519271	85	88	87	87	77.39	87	87	87	87	77.47	0	0	1.18	0	0	0	0	15	15	0	0.03499999999996817	0	0	0	0.035	0	72.4	0	1	1	0	0.705	0.03499999999996817
105.144	105.14412131519273	105.24912131519264	87	113	112	108	81.17	112	112	112	112	81.79	0	0	4.48	0	0	0	0	47	47	0	0.1049999999999045	0	0	0	0.705	0	79	0	1	0	1	0	0.269999999999996
105.414	105.41412131519273	105.49912131519265	92	105	101	99	79.68	101	101	101	101	79.9	0	0	-1.79	0	0	0	0	34	34	0	0.08499999999992269	0	0	0	0.165	0	79.6	0	1	0	0	0	0.21000000000000796
105.624	105.62412131519274	105.72412131519265	78	106	86	89	77.72	106	78	78	106	80.83	-1	-5.25	0.94	0	-5.25	5.25	0	40	1	-40	0.09999999999990905	0	0	0	0.125	0	80.4	0	1	1	0	0.64	0.09999999999990905
106.364	106.36412131519273	106.43412131519267	108	119	111	112	81.72	111	111	111	111	81.54	0	0	6.11	0	0	0	0	46	46	0	0.06999999999993634	0	0	0	0.64	0	79.1	0	1	0	1	0	0.15000000000000568
106.514	106.51412131519274	106.5641213151927	134	159	146	145	86.24	146	146	146	146	86.39	0	0	4.86	0	0	0	0	81	81	0	0.049999999999954525	0	0	0	0.08	0	81.2	0	1	0	0	0	0.11499999999999488
106.629	106.62912131519273	106.69912131519267	129	153	135	137	85.2	135	135	135	135	84.92	0	0	-1.35	0	0	0	0	71	71	0	0.06999999999993634	0	0	0	0.065	0	82.2	0	1	0	0	0	0.09499999999999886
106.724	106.72412131519273	106.80412131519266	104	130	123	121	83.03	123	123	123	123	83.38	0	0	-1.54	0	0	0	0	59	59	0	0.07999999999992724	0	0	0	0.025	0	79.7	0	1	0	0	0	0.20000000000000284
106.924	106.92412131519274	106.99412131519267	70	81	78	77	75.31	78	78	78	78	75.46	0	0	-7.85	0	0	0	0	1	1	0	0.06999999999993634	0	0	0	0.12	0	75.1	0	1	0	0	0	0.14000000000000057
107.064	107.06412131519274	107.1091213151927	75	88	82	81	76.19	82	82	82	82	76.31	0	0	0.88	0	0	0	0	8	8	0	0.04499999999995907	0	0	0	0.07	0	71.5	0	1	0	0	0	0.07000000000000739
107.134	107.13412131519274	107.23912131519265	77	81	79	80	75.92	79	79	79	79	75.8	0	0	-0.49	0	0	0	0	3	3	0	0.1049999999999045	0	0	0	0.025	0	71	0	1	0	0	0	0.12999999999999545
107.264	107.26412131519274	107.2991213151927	83	85	85	84	76.89	85	85	85	85	76.98	0	0	1.33	0	0	0	0	12	12	0	0.03499999999996817	0	0	0	0.025	0	69.9	0	1	1	0	0.614	0.03499999999996817
