rowLabel	nucl_t1	nucl_t2	f0_min	f0_max	f0_median	f0_mean	f0_meanST	f0_start	f0_end	lopitch	hipitch	hipitchST	dynamic	intrasyllab	intersyllab	up	down	trajectory	f0_discont	prnp_start	prnp_end	prnp_intra	nucl_dur	syll_dur	vowel_dur	rhyme_dur	gap_left	loudness	int_peak	hesitation	speaker_id	before_pause	after_pause	pause_dur	iso_dur
0.385	0.38471088435374245	0.4247108843537425	98	109	107	106	80.83	107	107	107	107	80.96	0	0	0	0	0	0	0	38	38	0	0.040000000000000036	0	0	0	0.3847	0	79.3	0	1	0	1	0	0.1299999999999999
0.515	0.5147108843537423	0.5397108843537424	86	107	107	101	79.92	107	107	107	107	80.96	0	0	0.06	0	0	0	0	38	38	0	0.025000000000000022	0	0	0	0.09	0	77.5	0	1	0	0	0	0.09500000000000008
0.610	0.6097108843537424	0.6847108843537425	74	84	77	78	75.56	77	77	77	77	75.31	0	0	-5.59	0	0	0	0	0	0	0	0.07500000000000007	0	0	0	0.07	0	71.6	0	1	0	0	0	0.125
0.735	0.7347108843537424	0.8297108843537425	120	236	200	190	90.86	120	236	120	236	94.66	1	10.47	7.77	10.47	0	10.47	0	51	100	78	0.09500000000000008	0	0	0	0.05	0	74	0	1	1	0	0.74	0.09500000000000008
1.570	1.5697108843537424	1.6147108843537414	101	147	114	117	82.5	114	114	114	114	82.09	0	0	-12.5	0	0	0	0	45	45	0	0.04499999999999904	0	0	0	0.74	0	72.5	0	1	0	1	0	0.1349999999999998
1.705	1.7047108843537422	1.7797108843537406	155	179	176	172	89.16	176	176	176	176	89.54	0	0	7.55	0	0	0	0	96	96	0	0.0749999999999984	0	0	0	0.09	0	81.6	0	1	0	0	0	0.0950000000000002
1.800	1.7997108843537424	1.8297108843537417	170	177	174	173	89.29	174	174	174	174	89.35	0	0	-0.16	0	0	0	0	94	94	0	0.02999999999999936	0	0	0	0.02	0	63.4	0	1	0	0	0	0.135
1.935	1.9347108843537424	2.009710884353741	136	159	152	151	86.88	152	152	152	152	87.01	0	0	-2.3	0	0	0	0	79	79	0	0.07499999999999862	0	0	0	0.105	0	82.9	0	1	0	0	0	0.13000000000000012
2.065	2.0647108843537425	2.129710884353741	134	162	147	147	86.43	147	147	147	147	86.5	0	0	-0.48	0	0	0	0	75	75	0	0.06499999999999861	0	0	0	0.055	0	81.7	0	1	0	0	0	0.3049999999999997
2.370	2.369710884353742	2.434710884353741	104	112	109	109	81.26	109	109	109	109	81.29	0	0	-5.1	0	0	0	0	40	40	0	0.06499999999999861	0	0	0	0.24	0	79.5	0	1	0	0	0	0.16500000000000004
2.535	2.5347108843537423	2.5747108843537414	100	107	106	104	80.41	106	106	106	106	80.75	0	0	-0.47	0	0	0	0	37	37	0	0.03999999999999915	0	0	0	0.1	0	79	0	1	0	0	0	0.14500000000000002
2.680	2.6797108843537423	2.7147108843537415	90	114	98	101	79.9	98	98	98	98	79.41	0	0	-1.32	0	0	0	0	28	28	0	0.034999999999999254	0	0	0	0.105	0	77.3	0	1	0	0	0	0.08999999999999986
2.770	2.769710884353742	2.8097108843537413	99	108	106	104	80.53	106	106	106	106	80.79	0	0	1.41	0	0	0	0	37	37	0	0.03999999999999915	0	0	0	0.055	0	78.8	0	1	0	0	0	0.31000000000000005
3.080	3.079710884353742	3.1097108843537415	94	103	101	99	79.58	101	101	101	101	79.95	0	0	-0.78	0	0	0	0	31	31	0	0.02999999999999936	0	0	0	0.27	0	73.8	0	1	0	0	0	0.10499999999999998
3.185	3.184710884353742	3.229710884353741	96	99	97	97	79.34	97	97	97	97	79.27	0	0	-0.63	0	0	0	0	27	27	0	0.04499999999999904	0	0	0	0.075	0	77	0	1	0	0	0	0.06499999999999995
3.250	3.249710884353742	3.2797108843537415	80	100	99	95	78.93	99	99	99	99	79.68	0	0	0.48	0	0	0	0	29	29	0	0.02999999999999936	0	0	0	0.02	0	75.5	0	1	0	0	0	0.28500000000000014
3.535	3.5347108843537423	3.6747108843537393	134	201	192	181	90.02	134	194	134	200	91.77	1	6.94	5.28	6.94	0	6.94	0	64	100	46	0.13999999999999702	0	0	0	0.255	0	78.6	0	1	1	0	0.545	0.13999999999999702
4.220	4.219710884353743	4.269710884353742	86	99	92	92	78.43	92	92	92	92	78.44	0	0	-12.76	0	0	0	0	21	21	0	0.049999999999998934	0	0	0	0.545	0	71.7	0	1	0	1	0	0.16500000000000004
4.385	4.384710884353743	4.459710884353742	135	148	141	141	85.78	141	141	141	141	85.7	0	0	7.41	0	0	0	0	70	70	0	0.0749999999999984	0	0	0	0.115	0	80	0	1	0	0	0	0.08499999999999996
4.470	4.469710884353743	4.499710884353743	150	153	153	152	87.06	153	153	153	153	87.12	0	0	1.45	0	0	0	0	79	79	0	0.02999999999999936	0	0	0	0.01	0	76.9	0	1	0	0	0	0.09999999999999964
4.570	4.569710884353743	4.604710884353742	141	184	154	157	87.55	154	154	154	154	87.29	0	0	0.2	0	0	0	0	80	80	0	0.034999999999999254	0	0	0	0.07	0	80.7	0	1	0	0	0	0.09499999999999975
4.665	4.664710884353743	4.7147108843537415	117	129	126	125	83.65	126	126	126	126	83.84	0	0	-3.36	0	0	0	0	57	57	0	0.049999999999998934	0	0	0	0.06	0	81.1	0	1	0	0	0	0.1800000000000006
4.845	4.844710884353743	4.874710884353743	90	99	95	95	78.84	95	95	95	95	79	0	0	-4.73	0	0	0	0	24	24	0	0.02999999999999936	0	0	0	0.13	0	75.3	0	1	0	0	0	0.07499999999999929
4.920	4.9197108843537425	4.954710884353742	93	95	94	94	78.72	94	94	94	94	78.76	0	0	-0.08	0	0	0	0	23	23	0	0.034999999999999254	0	0	0	0.045	0	76.4	0	1	0	0	0	0.055000000000000604
4.975	4.974710884353743	5.014710884353742	94	101	101	100	79.8	101	101	101	101	79.93	0	0	1.27	0	0	0	0	31	31	0	0.03999999999999915	0	0	0	0.02	0	76	0	1	0	0	0	0.15499999999999936
5.130	5.1297108843537425	5.149710884353742	112	114	113	113	81.86	113	113	113	113	81.88	0	0	1.99	0	0	0	0	44	44	0	0.019999999999999574	0	0	0	0.115	0	77.9	0	1	0	0	0	0.1750000000000007
5.305	5.304710884353743	5.394710884353741	75	118	93	93	78.58	118	75	75	118	82.73	-1	-7.94	0.88	0	-7.94	7.94	0	49	0	-53	0.08999999999999808	0	0	0	0.155	0	77.3	0	1	1	0	0.57	0.08999999999999808
5.965	5.964710884353742	6.07471088435374	103	127	125	120	82.98	126	103	103	126	83.8	-1	-3.47	9.05	0	-3.47	3.47	0	57	34	-24	0.10999999999999766	0	0	0	0.57	0	79.5	0	1	0	1	0	0.21500000000000075
6.180	6.179710884353743	6.274710884353741	107	129	110	110	81.48	110	110	110	110	81.38	0	0	1.15	0	0	0	0	41	41	0	0.09499999999999797	0	0	0	0.105	0	78.6	0	1	0	0	0	0.125
6.305	6.304710884353743	6.344710884353742	119	130	130	128	84	130	130	130	130	84.3	0	0	2.92	0	0	0	0	61	61	0	0.03999999999999915	0	0	0	0.03	0	80.8	0	1	0	0	0	0.14999999999999947
6.455	6.454710884353743	6.5097108843537415	110	135	131	128	84.09	131	131	131	131	84.46	0	0	0.19	0	0	0	0	62	62	0	0.05499999999999883	0	0	0	0.11	0	78.9	0	1	0	0	0	0.23000000000000043
6.685	6.684710884353743	6.779710884353741	80	100	90	89	77.87	90	90	90	90	77.94	0	0	-6.46	0	0	0	0	18	18	0	0.09499999999999797	0	0	0	0.175	0	76.9	0	1	0	0	0	0.22499999999999964
6.910	6.909710884353743	7.02471088435374	89	103	97	97	79.26	97	97	97	97	79.27	0	0	1.37	0	0	0	0	27	27	0	0.11499999999999755	0	0	0	0.13	0	78.9	0	1	0	0	0	0.17499999999999982
7.085	7.0847108843537425	7.119710884353742	87	100	98	95	78.92	98	98	98	98	79.48	0	0	0.28	0	0	0	0	28	28	0	0.034999999999999254	0	0	0	0.06	0	76	0	1	0	0	0	0.08499999999999996
7.170	7.1697108843537425	7.219710884353741	84	90	85	86	77.22	85	85	85	85	77.04	0	0	-2.34	0	0	0	0	12	12	0	0.049999999999998934	0	0	0	0.05	0	74.9	0	1	0	0	0	0.1800000000000006
7.350	7.349710884353743	7.409710884353742	101	107	106	106	80.77	106	106	106	106	80.86	0	0	3.95	0	0	0	0	37	37	0	0.05999999999999872	0	0	0	0.13	0	79.6	0	1	0	0	0	0.08999999999999986
7.440	7.439710884353743	7.489710884353742	95	113	109	107	80.97	109	109	109	109	81.37	0	0	0.63	0	0	0	0	40	40	0	0.049999999999998934	0	0	0	0.03	0	79.9	0	1	0	0	0	0.11500000000000021
7.555	7.554710884353743	7.594710884353742	95	104	103	102	80.16	103	103	103	103	80.34	0	0	-0.87	0	0	0	0	34	34	0	0.03999999999999915	0	0	0	0.065	0	77.2	0	1	0	0	0	0.0649999999999995
7.620	7.619710884353743	7.704710884353741	103	108	104	104	80.48	104	104	104	104	80.43	0	0	0.2	0	0	0	0	35	35	0	0.08499999999999819	0	0	0	0.025	0	78	0	1	0	0	0	0.1850000000000005
7.805	7.804710884353743	7.909710884353741	128	148	133	134	84.8	133	133	133	133	84.68	0	0	4.27	0	0	0	0	63	63	0	0.10499999999999776	0	0	0	0.1	0	77.4	0	1	1	0	0.71	0.10499999999999776
8.620	8.619710884353744	8.694710884353755	110	125	119	118	82.63	119	119	119	119	82.75	0	0	-1.91	0	0	0	0	50	50	0	0.07500000000001172	0	0	0	0.71	0	79.4	0	1	0	1	0	0.09999999999999964
8.720	8.719710884353743	8.749710884353748	136	139	138	138	85.39	138	138	138	138	85.39	0	0	2.66	0	0	0	0	68	68	0	0.03000000000000469	0	0	0	0.025	0	81.1	0	1	0	0	0	0.11999999999999922
8.840	8.839710884353742	8.944710884353759	124	169	151	150	86.84	169	124	124	169	88.89	-1	-5.33	3.59	0	-5.33	5.33	0	91	55	-36	0.10500000000001641	0	0	0	0.09	0	81.6	0	1	0	0	0	0.2350000000000012
9.075	9.074710884353744	9.109710884353749	122	131	125	126	83.85	125	125	125	125	83.71	0	0	0.26	0	0	0	0	56	56	0	0.03500000000000547	0	0	0	0.13	0	79.9	0	1	0	0	0	0.0649999999999995
9.140	9.139710884353743	9.18471088435375	110	117	114	114	82.01	114	114	114	114	82.01	0	0	-1.58	0	0	0	0	45	45	0	0.045000000000007034	0	0	0	0.03	0	78.9	0	1	0	0	0	0.08499999999999908
9.225	9.224710884353742	9.289710884353752	99	111	105	105	80.61	105	105	105	105	80.68	0	0	-1.31	0	0	0	0	36	36	0	0.06500000000001016	0	0	0	0.04	0	78.7	0	1	0	0	0	0.09500000000000064
9.320	9.319710884353743	9.374710884353751	82	100	91	91	78.16	91	91	91	91	78.27	0	0	-2.3	0	0	0	0	19	19	0	0.0550000000000086	0	0	0	0.03	0	76.2	0	1	0	0	0	0.10999999999999943
9.430	9.429710884353742	9.48471088435375	88	92	89	89	77.9	89	89	89	89	77.77	0	0	-0.32	0	0	0	0	17	17	0	0.0550000000000086	0	0	0	0.055	0	75.1	0	1	0	0	0	0.19000000000000128
9.620	9.619710884353744	9.669710884353751	104	116	111	111	81.64	111	111	111	111	81.64	0	0	3.93	0	0	0	0	42	42	0	0.050000000000007816	0	0	0	0.135	0	80.1	0	1	0	0	0	0.07499999999999929
9.695	9.694710884353743	9.784710884353757	103	110	110	109	81.3	110	110	110	110	81.43	0	0	-0.1	0	0	0	0	41	41	0	0.09000000000001407	0	0	0	0.025	0	78.8	0	1	0	0	0	0.14000000000000057
9.835	9.834710884353743	9.859710884353747	100	101	100	100	79.87	100	100	100	100	79.89	0	0	-1.49	0	0	0	0	30	30	0	0.025000000000003908	0	0	0	0.05	0	74.8	0	1	0	0	0	0.054999999999999716
9.890	9.889710884353743	9.974710884353756	97	106	99	100	79.77	99	99	99	99	79.59	0	0	-0.13	0	0	0	0	29	29	0	0.08500000000001329	0	0	0	0.03	0	74.7	0	1	0	0	0	0.20999999999999908
10.100	10.099710884353742	10.169710884353753	54	60	56	56	69.91	56	56	56	56	69.87	0	0	-9.68	0	0	0	1	0	0	0	0.07000000000001094	0	0	0	0.125	0	73.3	0	1	1	0	0.575	0.07000000000001094
10.745	10.744710884353744	10.834710884353758	86	102	101	98	79.55	101	101	101	101	79.93	0	0	10.24	0	0	0	0	31	31	0	0.09000000000001407	0	0	0	0.575	0	78.5	0	1	0	1	0	0.125
10.870	10.869710884353744	10.97971088435376	76	89	81	82	76.41	89	84	77	89	77.86	-1	-2.64	-2.04	0	-2.64	2.64	0	17	10	-17	0.1100000000000172	0	0	0	0.035	0	74.2	0	1	1	0	0.395	0.1100000000000172
11.375	11.374710884353743	11.434710884353752	108	117	114	113	81.85	114	114	114	114	82.04	0	0	5.34	0	0	0	0	45	45	0	0.06000000000000938	0	0	0	0.395	0	79.7	0	1	0	1	0	0.1850000000000005
11.560	11.559710884353743	11.60971088435375	129	148	138	138	85.41	138	138	138	138	85.43	0	0	3.43	0	0	0	0	68	68	0	0.050000000000007816	0	0	0	0.125	0	80.2	0	1	0	0	0	0.125
11.685	11.684710884353743	11.714710884353748	97	119	119	110	81.42	119	119	119	119	82.75	0	0	-2.56	0	0	0	0	50	50	0	0.03000000000000469	0	0	0	0.075	0	76.6	0	1	0	0	0	0.14000000000000057
11.825	11.824710884353744	11.86471088435375	81	89	83	85	76.95	83	83	83	83	76.67	0	0	-6.07	0	0	0	0	9	9	0	0.04000000000000625	0	0	0	0.11	0	75.1	0	1	0	0	0	0.1899999999999995
12.015	12.014710884353743	12.05471088435375	76	94	82	86	77.19	82	82	82	82	76.37	0	0	-0.13	0	0	0	0	7	7	0	0.04000000000000625	0	0	0	0.15	0	76.9	0	1	0	0	0	0.3049999999999997
12.320	12.319710884353743	12.36471088435375	87	93	89	89	77.83	89	89	89	89	77.86	0	0	1.57	0	0	0	0	17	17	0	0.045000000000007034	0	0	0	0.265	0	72.3	0	1	1	0	0.995	0.045000000000007034
13.360	13.359710884353744	13.419710884353753	126	144	137	136	85.1	137	137	137	137	85.22	0	0	7.52	0	0	0	0	67	67	0	0.06000000000000938	0	0	0	0.995	0	77.8	0	1	0	1	0	0.08999999999999986
13.450	13.449710884353744	13.534710884353757	135	152	145	146	86.35	145	145	145	145	86.24	0	0	1.07	0	0	0	0	73	73	0	0.08500000000001329	0	0	0	0.03	0	80.3	0	1	0	0	0	0.129999999999999
13.580	13.579710884353743	13.614710884353748	119	128	126	125	83.7	126	126	126	126	83.81	0	0	-2.35	0	0	0	0	57	57	0	0.03500000000000547	0	0	0	0.045	0	81.6	0	1	0	0	0	0.120000000000001
13.700	13.699710884353744	13.734710884353749	100	125	106	109	81.29	106	106	106	106	80.78	0	0	-2.95	0	0	0	0	37	37	0	0.03500000000000547	0	0	0	0.085	0	78.9	0	1	0	0	0	0.0649999999999995
13.765	13.764710884353743	13.86971088435376	101	104	103	103	80.37	103	103	103	103	80.37	0	0	-0.37	0	0	0	0	34	34	0	0.10500000000001641	0	0	0	0.03	0	78.6	0	1	0	0	0	0.17999999999999972
13.945	13.944710884353743	14.039710884353758	100	111	109	108	81.21	109	109	109	109	81.28	0	0	1.05	0	0	0	0	40	40	0	0.09500000000001485	0	0	0	0.075	0	77.8	0	1	0	0	0	0.1999999999999993
14.145	14.144710884353742	14.204710884353752	99	106	103	103	80.32	103	103	103	103	80.39	0	0	-0.83	0	0	0	0	34	34	0	0.06000000000000938	0	0	0	0.105	0	80	0	1	0	0	0	0.1700000000000017
14.315	14.314710884353744	14.344710884353749	111	132	122	123	83.44	122	122	122	122	83.24	0	0	3	0	0	0	0	53	53	0	0.03000000000000469	0	0	0	0.11	0	80.3	0	1	0	0	0	0.1349999999999998
14.450	14.449710884353744	14.509710884353753	100	106	102	103	80.27	102	102	102	102	80.21	0	0	-2.95	0	0	0	0	33	33	0	0.06000000000000938	0	0	0	0.105	0	79	0	1	0	0	0	0.11500000000000021
14.565	14.564710884353744	14.629710884353754	81	98	90	89	77.77	98	81	81	98	79.41	-1	-3.28	-0.66	0	-3.28	3.28	0	28	6	-22	0.06500000000001016	0	0	0	0.055	0	77.2	0	1	1	0	0.835	0.06500000000001016
15.465	15.464710884353742	15.524710884353752	127	142	139	137	85.26	139	139	139	139	85.46	0	0	9.38	0	0	0	0	68	68	0	0.06000000000000938	0	0	0	0.835	0	79.5	0	1	0	1	0	0.1349999999999998
15.600	15.599710884353742	15.639710884353748	107	135	123	123	83.37	123	123	123	123	83.38	0	0	-2.05	0	0	0	0	54	54	0	0.04000000000000625	0	0	0	0.075	0	78.7	0	1	0	0	0	0.10500000000000043
15.705	15.704710884353743	15.734710884353747	103	103	103	103	80.31	103	103	103	103	80.31	0	0	-3	0	0	0	0	34	34	0	0.03000000000000469	0	0	0	0.065	0	78.4	0	1	0	0	0	0.16000000000000014
15.865	15.864710884353743	15.904710884353749	124	150	138	138	85.35	138	138	138	138	85.39	0	0	5.16	0	0	0	0	68	68	0	0.04000000000000625	0	0	0	0.13	0	80.8	0	1	0	0	0	0.08500000000000085
15.950	15.949710884353744	16.004710884353752	107	118	114	114	82.01	114	114	114	114	82.14	0	0	-3.16	0	0	0	0	45	45	0	0.0550000000000086	0	0	0	0.045	0	79.9	0	1	0	0	0	0.1449999999999978
16.095	16.09471088435374	16.19471088435372	94	110	96	98	79.55	96	96	96	96	79.15	0	0	-2.84	0	0	0	0	26	26	0	0.0999999999999801	0	0	0	0.09	0	78.8	0	1	0	0	0	0.14500000000000313
16.240	16.239710884353745	16.389710884353715	84	95	88	88	77.71	88	88	88	88	77.71	0	0	-1.31	0	0	0	0	16	16	0	0.14999999999997016	0	0	0	0.045	0	75.3	0	1	0	0	0	0.29499999999999815
16.535	16.534710884353743	16.679710884353714	149	201	196	184	90.37	149	197	149	199	91.69	1	5	9.18	5	0	5	0	76	100	33	0.14499999999997115	0	0	0	0.145	0	79.8	0	1	1	0	0.475	0.14499999999997115
17.155	17.154710884353737	17.18971088435373	105	113	108	108	81.21	108	108	108	108	81.16	0	0	-10.3	0	0	0	0	39	39	0	0.03499999999999304	0	0	0	0.475	0	71.7	0	1	0	1	0	0.11500000000000554
17.270	17.269710884353742	17.349710884353726	148	169	159	159	87.79	159	159	159	159	87.78	0	0	6.72	0	0	0	0	84	84	0	0.07999999999998408	0	0	0	0.08	0	81.5	0	1	0	0	0	0.21000000000000085
17.480	17.479710884353743	17.569710884353725	131	166	141	145	86.16	166	131	131	166	88.58	-1	-4.11	0.82	0	-4.11	4.11	0	89	62	-28	0.0899999999999821	0	0	0	0.13	0	81.6	0	1	0	0	0	0.129999999999999
17.610	17.609710884353742	17.659710884353732	109	138	127	124	83.54	127	127	127	127	83.87	0	0	-0.53	0	0	0	0	58	58	0	0.04999999999999005	0	0	0	0.04	0	78.6	0	1	0	0	0	0.10500000000000043
17.715	17.714710884353742	17.744710884353736	105	117	117	115	82.25	117	117	117	117	82.47	0	0	-1.39	0	0	0	0	48	48	0	0.02999999999999403	0	0	0	0.055	0	79.5	0	1	0	0	0	0.13500000000000156
17.850	17.849710884353744	17.899710884353734	95	117	106	105	80.72	106	106	106	106	80.84	0	0	-1.61	0	0	0	0	37	37	0	0.04999999999999005	0	0	0	0.105	0	78.2	0	1	0	0	0	0.134999999999998
17.985	17.984710884353742	18.104710884353718	90	108	99	100	79.88	99	99	99	99	79.69	0	0	-1.05	0	0	0	0	29	29	0	0.11999999999997613	0	0	0	0.085	0	79.2	0	1	0	0	0	0.25
18.235	18.234710884353742	18.284710884353732	102	128	117	115	82.29	117	117	117	117	82.56	0	0	3	0	0	0	0	48	48	0	0.04999999999999005	0	0	0	0.13	0	76.2	0	1	0	0	0	0.10500000000000043
18.340	18.339710884353742	18.389710884353732	95	110	103	102	80.17	103	103	103	103	80.36	0	0	-2.09	0	0	0	0	34	34	0	0.04999999999999005	0	0	0	0.055	0	77.5	0	1	0	0	0	0.08000000000000185
18.420	18.419710884353744	18.459710884353736	89	96	93	93	78.52	93	93	93	93	78.57	0	0	-1.67	0	0	0	0	22	22	0	0.03999999999999204	0	0	0	0.03	0	76	0	1	0	0	0	0.14000000000000057
18.560	18.559710884353745	18.614710884353734	84	91	89	88	77.54	89	89	89	89	77.89	0	0	-0.58	0	0	0	0	17	17	0	0.05499999999998906	0	0	0	0.1	0	75.6	0	1	0	0	0	0.0849999999999973
18.645	18.644710884353742	18.674710884353736	104	105	105	105	80.6	105	105	105	105	80.63	0	0	2.92	0	0	0	0	36	36	0	0.02999999999999403	0	0	0	0.03	0	76.7	0	1	0	0	0	0.14499999999999957
18.790	18.78971088435374	18.84471088435373	102	117	114	112	81.73	114	114	114	114	82.03	0	0	1.46	0	0	0	0	45	45	0	0.05499999999998906	0	0	0	0.115	0	79.4	0	1	0	0	0	0.14000000000000057
18.930	18.929710884353742	19.029710884353722	67	90	79	81	76.15	79	79	79	79	75.85	0	0	-6.15	0	0	0	0	3	3	0	0.0999999999999801	0	0	0	0.085	0	75.6	0	1	0	0	0	0.19000000000000128
19.120	19.119710884353744	19.149710884353738	84	89	88	88	77.56	88	88	88	88	77.66	0	0	2.02	0	0	0	0	16	16	0	0.02999999999999403	0	0	0	0.09	0	75.3	0	1	0	0	0	0.054999999999999716
19.175	19.174710884353743	19.224710884353733	76	84	83	81	76.29	83	83	83	83	76.66	0	0	-0.85	0	0	0	0	9	9	0	0.04999999999999005	0	0	0	0.025	0	73.5	0	1	0	0	0	0.10999999999999943
19.285	19.284710884353743	19.329710884353734	88	91	90	89	77.89	90	90	90	90	78.04	0	0	1.54	0	0	0	0	18	18	0	0.04499999999999105	0	0	0	0.06	0	75.1	0	1	1	0	0.8	0.04499999999999105
20.130	20.12971088435374	20.23471088435372	97	117	112	111	81.57	112	112	112	112	81.82	0	0	3.92	0	0	0	0	43	43	0	0.10499999999997911	0	0	0	0.8	0	79.6	0	1	0	1	0	0.16000000000000014
20.290	20.28971088435374	20.34471088435373	94	96	95	95	78.93	95	95	95	95	78.91	0	0	-2.78	0	0	0	0	24	24	0	0.05499999999998906	0	0	0	0.055	0	79.1	0	1	0	0	0	0.26000000000000156
20.550	20.549710884353743	20.62471088435373	79	99	89	88	77.63	99	79	79	99	79.64	-1	-3.96	0.8	0	-3.96	3.96	0	29	3	-27	0.07499999999998508	0	0	0	0.205	0	77.7	0	1	1	0	0.47	0.07499999999998508
21.095	21.09471088435374	21.139710884353732	97	113	112	110	81.46	112	112	112	112	81.75	0	0	6.11	0	0	0	0	43	43	0	0.04499999999999105	0	0	0	0.47	0	79.7	0	1	0	1	0	0.125
21.220	21.21971088435374	21.259710884353733	105	130	118	118	82.62	118	118	118	118	82.74	0	0	1.05	0	0	0	0	49	49	0	0.03999999999999204	0	0	0	0.08	0	81.3	0	1	0	0	0	0.07500000000000284
21.295	21.294710884353744	21.37471088435373	88	94	89	89	77.86	89	89	89	89	77.8	0	0	-4.8	0	0	0	0	17	17	0	0.07999999999998408	0	0	0	0.035	0	75.1	0	1	1	0	0.58	0.07999999999998408
21.955	21.95471088435374	21.994710884353733	91	97	94	94	78.75	94	94	94	94	78.83	0	0	1.12	0	0	0	0	23	23	0	0.03999999999999204	0	0	0	0.58	0	72.8	0	1	0	1	0	0.11500000000000199
22.070	22.069710884353743	22.12971088435373	110	124	122	121	83.05	122	122	122	122	83.31	0	0	4.65	0	0	0	0	53	53	0	0.05999999999998806	0	0	0	0.075	0	80.7	0	1	0	0	0	0.14000000000000057
22.210	22.209710884353743	22.28471088435373	95	118	112	109	81.29	112	112	112	112	81.78	0	0	-1.39	0	0	0	0	43	43	0	0.07499999999998508	0	0	0	0.08	0	79.9	0	1	0	0	0	0.14499999999999957
22.355	22.354710884353743	22.509710884353712	137	224	196	193	91.16	137	191	137	223	93.63	1	5.75	3.53	8.42	-2.67	11.09	0	67	100	56	0.15499999999996916	0	0	0	0.07	0	81.2	0	1	1	0	0.53	0.15499999999996916
23.040	23.03971088435374	23.119710884353726	146	165	158	157	87.64	158	158	158	158	87.74	0	0	-3.19	0	0	0	0	83	83	0	0.07999999999998408	0	0	0	0.53	0	81	0	1	0	1	0	0.20500000000000185
23.245	23.244710884353744	23.374710884353718	115	158	138	139	85.44	158	115	115	158	87.7	-1	-5.51	0.06	0	-5.51	5.51	0	83	46	-37	0.12999999999997414	0	0	0	0.125	0	80.9	0	1	0	0	0	0.19000000000000128
23.435	23.434710884353745	23.529710884353726	132	140	136	136	85.14	136	136	136	136	85.16	0	0	3.01	0	0	0	0	66	66	0	0.0949999999999811	0	0	0	0.06	0	80.3	0	1	0	0	0	0.18499999999999872
23.620	23.619710884353744	23.669710884353734	99	105	105	104	80.49	105	105	105	105	80.62	0	0	-4.43	0	0	0	0	36	36	0	0.04999999999999005	0	0	0	0.09	0	79.3	0	1	0	0	0	0.15500000000000114
23.775	23.774710884353745	23.814710884353737	112	114	113	113	81.97	113	113	113	113	81.97	0	0	1.4	0	0	0	0	44	44	0	0.03999999999999204	0	0	0	0.105	0	80.1	0	1	0	0	0	0.21999999999999886
23.995	23.994710884353744	24.099710884353723	103	114	113	111	81.59	113	113	113	113	81.88	0	0	0.04	0	0	0	0	44	44	0	0.10499999999997911	0	0	0	0.18	0	79.5	0	1	0	0	0	0.1999999999999993
24.195	24.194710884353743	24.244710884353733	90	110	100	99	79.7	100	100	100	100	79.73	0	0	-2.11	0	0	0	0	30	30	0	0.04999999999999005	0	0	0	0.095	0	78.8	0	1	0	0	0	0.08500000000000085
24.280	24.279710884353744	24.324710884353735	97	106	106	104	80.51	106	106	106	106	80.75	0	0	1.03	0	0	0	0	37	37	0	0.04499999999999105	0	0	0	0.035	0	78	0	1	0	0	0	0.3000000000000007
24.580	24.579710884353744	24.65471088435373	89	98	94	95	78.84	94	94	94	94	78.79	0	0	-1.94	0	0	0	0	23	23	0	0.07499999999998508	0	0	0	0.255	0	79.1	0	1	0	0	0	0.17499999999999716
24.755	24.75471088435374	24.849710884353723	91	100	94	95	78.89	94	94	94	94	78.74	0	0	0.09	0	0	0	0	23	23	0	0.0949999999999811	0	0	0	0.1	0	78.2	0	1	0	0	0	0.4350000000000023
25.190	25.189710884353744	25.229710884353736	103	108	106	106	80.75	106	106	106	106	80.78	0	0	2.13	0	0	0	0	37	37	0	0.03999999999999204	0	0	0	0.34	0	79.8	0	1	0	0	0	0.07000000000000028
25.260	25.259710884353744	25.399710884353716	79	104	94	94	78.67	104	94	94	104	80.44	-1	-1.69	-0.29	0	-1.69	1.69	0	35	23	-12	0.13999999999997215	0	0	0	0.03	0	79.6	0	1	1	0	0.58	0.13999999999997215
25.980	25.979710884353743	26.029710884353733	114	117	116	116	82.32	116	116	116	116	82.36	0	0	3.7	0	0	0	0	47	47	0	0.04999999999999005	0	0	0	0.58	0	80.4	0	1	0	1	0	0.07000000000000028
26.050	26.049710884353743	26.149710884353723	94	118	105	106	80.74	118	94	94	118	82.64	-1	-3.93	0.35	0	-3.93	3.93	0	49	23	-27	0.0999999999999801	0	0	0	0.02	0	80.5	0	1	0	0	0	0.1750000000000007
26.225	26.224710884353744	26.259710884353737	97	103	101	101	80.01	101	101	101	101	80	0	0	1.34	0	0	0	0	31	31	0	0.03499999999999304	0	0	0	0.075	0	78	0	1	0	0	0	0.17999999999999972
26.405	26.404710884353744	26.499710884353725	137	166	148	150	86.75	148	148	148	148	86.57	0	0	6.68	0	0	0	0	76	76	0	0.0949999999999811	0	0	0	0.145	0	80.6	0	1	0	0	0	0.134999999999998
26.540	26.53971088435374	26.609710884353728	119	169	142	142	85.81	169	119	119	169	88.87	-1	-6.12	2.35	0	-6.12	6.12	0	91	50	-41	0.06999999999998607	0	0	0	0.04	0	80.5	0	1	0	0	0	0.1650000000000027
26.705	26.704710884353744	26.73471088435374	115	123	122	121	83.1	122	122	122	122	83.28	0	0	0.55	0	0	0	0	53	53	0	0.02999999999999403	0	0	0	0.095	0	79.7	0	1	0	0	0	0.04999999999999716
26.755	26.75471088435374	26.779710884353737	115	124	116	118	82.66	116	116	116	116	82.39	0	0	-0.78	0	0	0	0	47	47	0	0.024999999999995026	0	0	0	0.02	0	77.8	0	1	0	0	0	0.18000000000000327
26.935	26.934710884353745	26.989710884353734	94	106	102	101	79.99	102	102	102	102	80.23	0	0	-2.07	0	0	0	0	33	33	0	0.05499999999998906	0	0	0	0.155	0	76.9	0	1	0	0	0	0.0849999999999973
27.020	27.019710884353742	27.069710884353732	84	90	88	87	77.34	88	88	88	88	77.66	0	0	-2.41	0	0	0	0	16	16	0	0.04999999999999005	0	0	0	0.03	0	73.2	0	1	0	0	0	0.13500000000000156
27.155	27.154710884353744	27.21971088435373	90	113	94	95	78.86	94	94	94	94	78.69	0	0	1.18	0	0	0	0	23	23	0	0.06499999999998707	0	0	0	0.085	0	75.9	0	1	0	0	0	0.08999999999999986
27.245	27.244710884353744	27.284710884353736	101	105	103	103	80.34	103	103	103	103	80.35	0	0	1.69	0	0	0	0	34	34	0	0.03999999999999204	0	0	0	0.025	0	76.5	0	1	0	0	0	0.14000000000000057
27.385	27.384710884353744	27.444710884353732	95	104	99	99	79.64	99	99	99	99	79.61	0	0	-0.62	0	0	0	0	29	29	0	0.05999999999998806	0	0	0	0.1	0	77.4	0	1	0	0	0	0.08999999999999986
27.475	27.474710884353744	27.58971088435372	85	100	94	94	78.68	94	94	94	94	78.68	0	0	-0.87	0	0	0	0	23	23	0	0.11499999999997712	0	0	0	0.03	0	76.9	0	1	0	0	0	0.17999999999999972
27.655	27.654710884353744	27.694710884353736	81	89	84	84	76.83	84	84	84	84	76.87	0	0	-1.78	0	0	0	0	10	10	0	0.03999999999999204	0	0	0	0.065	0	74.4	0	1	0	0	0	0.08999999999999986
27.745	27.744710884353744	27.774710884353738	74	81	78	78	75.44	78	78	78	78	75.52	0	0	-1.19	0	0	0	0	2	2	0	0.02999999999999403	0	0	0	0.05	0	72.7	0	1	0	0	0	0.07000000000000028
27.815	27.814710884353744	27.844710884353738	83	89	88	87	77.45	88	88	88	88	77.7	0	0	2.27	0	0	0	0	16	16	0	0.02999999999999403	0	0	0	0.04	0	71.7	0	1	0	0	0	0.08500000000000085
27.900	27.899710884353745	27.959710884353733	82	86	85	84	76.85	85	85	85	85	76.96	0	0	-0.56	0	0	0	0	12	12	0	0.05999999999998806	0	0	0	0.055	0	72.5	0	1	0	0	0	0.14499999999999957
28.045	28.044710884353744	28.15971088435372	79	104	82	82	76.5	104	81	81	104	80.53	-1	-4.25	3.61	0	-4.25	4.25	0	35	6	-29	0.11499999999997712	0	0	0	0.085	0	74.7	0	1	0	0	0	0.14499999999999957
28.190	28.189710884353744	28.229710884353736	84	89	85	85	77.06	85	85	85	85	76.96	0	0	0.88	0	0	0	0	12	12	0	0.03999999999999204	0	0	0	0.03	0	71.4	0	1	1	0	0.785	0.03999999999999204
29.015	29.014710884353743	29.12971088435372	91	114	112	108	81.16	114	91	91	114	82.14	-1	-4.02	5.23	0	-4.02	4.02	0	45	19	-27	0.11499999999997712	0	0	0	0.785	0	79.1	0	1	0	1	0	0.21499999999999986
29.230	29.229710884353743	29.29971088435373	84	113	96	96	79.16	113	84	84	113	81.85	-1	-4.97	3.76	0	-4.97	4.97	0	44	10	-35	0.06999999999998607	0	0	0	0.1	0	77.8	0	1	0	0	0	0.10000000000000142
29.330	29.329710884353744	29.364710884353737	92	98	97	96	79.17	97	97	97	97	79.3	0	0	2.59	0	0	0	0	27	27	0	0.03499999999999304	0	0	0	0.03	0	75.6	0	1	0	0	0	0.14000000000000057
29.470	29.469710884353745	29.504710884353738	95	105	104	102	80.1	104	104	104	104	80.46	0	0	1.26	0	0	0	0	35	35	0	0.03499999999999304	0	0	0	0.105	0	77.2	0	1	0	0	0	0.0799999999999983
29.550	29.549710884353743	29.65971088435372	85	99	91	92	78.36	91	91	91	91	78.22	0	0	-2.19	0	0	0	0	19	19	0	0.10999999999997812	0	0	0	0.045	0	76.4	0	1	0	0	0	0.21000000000000085
29.760	29.759710884353744	29.809710884353734	93	98	95	95	78.95	95	95	95	95	78.94	0	0	0.85	0	0	0	0	24	24	0	0.04999999999999005	0	0	0	0.1	0	76	0	1	0	0	0	0.129999999999999
29.890	29.889710884353743	29.964710884353728	168	242	225	215	93.02	168	242	168	242	95.05	1	5.03	9.91	5.03	0	5.03	0	90	100	42	0.07499999999998508	0	0	0	0.08	0	77.5	0	1	1	0	0.675	0.07499999999998508
30.640	30.639710884353743	30.70471088435373	86	111	97	97	79.22	97	97	97	97	79.33	0	0	-15.7	0	0	0	0	27	27	0	0.06499999999998707	0	0	0	0.675	0	74.7	0	1	0	1	0	0.120000000000001
30.760	30.759710884353744	30.849710884353726	134	161	151	149	86.74	151	151	151	151	86.97	0	0	7.78	0	0	0	0	78	78	0	0.0899999999999821	0	0	0	0.055	0	81.8	0	1	0	0	0	0.18499999999999872
30.945	30.944710884353743	30.984710884353735	154	189	175	173	89.23	175	175	175	175	89.45	0	0	2.59	0	0	0	0	95	95	0	0.03999999999999204	0	0	0	0.095	0	81.9	0	1	0	0	0	0.07499999999999929
31.020	31.019710884353742	31.099710884353726	110	135	123	122	83.22	123	123	123	123	83.33	0	0	-6.08	0	0	0	0	54	54	0	0.07999999999998408	0	0	0	0.035	0	80.3	0	1	0	0	0	0.21499999999999986
31.235	31.234710884353742	31.269710884353735	109	120	118	116	82.37	118	118	118	118	82.61	0	0	-0.7	0	0	0	0	49	49	0	0.03499999999999304	0	0	0	0.135	0	79.5	0	1	0	0	0	0.13500000000000156
31.370	31.369710884353744	31.614710884353695	89	120	115	108	81.06	118	91	90	118	82.66	-1	-4.68	0.07	0	-4.68	4.68	0	49	19	-32	0.24499999999995126	0	0	0	0.1	0	79.2	0	1	0	0	0	0.4299999999999997
31.800	31.799710884353743	31.904710884353722	117	134	128	128	84.13	128	128	128	128	84.08	0	0	5.99	0	0	0	0	59	59	0	0.10499999999997911	0	0	0	0.185	0	80.4	0	1	0	0	0	0.14999999999999858
31.950	31.949710884353742	31.984710884353735	103	118	114	113	81.88	114	114	114	114	82.05	0	0	-1.95	0	0	0	0	45	45	0	0.03499999999999304	0	0	0	0.045	0	79.7	0	1	0	0	0	0.08500000000000085
32.035	32.03471088435374	32.134710884353794	91	107	96	97	79.32	96	96	96	96	79.11	0	0	-2.88	0	0	0	0	26	26	0	0.10000000000005116	0	0	0	0.05	0	78.1	0	1	0	0	0	0.14000000000000057
32.175	32.17471088435374	32.23971088435378	83	95	88	89	77.76	88	88	88	88	77.55	0	0	-1.47	0	0	0	0	16	16	0	0.06500000000003325	0	0	0	0.04	0	74.6	0	1	1	0	0.49	0.06500000000003325
32.730	32.72971088435374	32.78471088435377	118	126	124	123	83.38	124	124	124	124	83.52	0	0	6.01	0	0	0	0	55	55	0	0.05500000000002814	0	0	0	0.49	0	81.5	0	1	0	1	0	0.18999999999999773
32.920	32.91971088435374	32.95971088435376	128	137	136	134	84.89	136	136	136	136	85.12	0	0	1.67	0	0	0	0	66	66	0	0.040000000000020464	0	0	0	0.135	0	80.6	0	1	0	0	0	0.25500000000000256
33.175	33.17471088435374	33.24971088435378	98	116	104	106	80.85	104	104	104	104	80.57	0	0	-4.48	0	0	0	0	35	35	0	0.07500000000003837	0	0	0	0.215	0	78.4	0	1	0	0	0	0.14000000000000057
33.315	33.314710884353744	33.36471088435377	82	91	88	88	77.58	88	88	88	88	77.59	0	0	-2.82	0	0	0	0	16	16	0	0.05000000000002558	0	0	0	0.065	0	75.5	0	1	0	0	0	0.14999999999999858
33.465	33.46471088435374	33.55971088435379	88	104	93	94	78.81	93	93	93	93	78.61	0	0	1.1	0	0	0	0	22	22	0	0.0950000000000486	0	0	0	0.1	0	79.2	0	1	0	0	0	0.28000000000000114
33.745	33.74471088435374	33.83471088435379	78	101	86	88	77.55	101	86	86	101	80.05	-1	-2.88	1.58	0	-2.88	2.88	0	31	13	-19	0.09000000000004604	0	0	0	0.185	0	76.3	0	1	1	0	0.455	0.09000000000004604
34.290	34.289710884353745	34.33971088435377	116	122	117	118	82.71	117	117	117	117	82.54	0	0	5.43	0	0	0	0	48	48	0	0.05000000000002558	0	0	0	0.455	0	78.9	0	1	0	1	0	0.0799999999999983
34.370	34.36971088435374	34.40471088435376	125	129	128	128	84.07	128	128	128	128	84.1	0	0	1.65	0	0	0	0	59	59	0	0.035000000000017906	0	0	0	0.03	0	80.3	0	1	0	0	0	0.2150000000000034
34.585	34.58471088435375	34.59471088435375	127	128	127	127	83.97	127	127	127	127	83.92	0	0	-0.08	0	0	0	0	58	58	0	0.010000000000005116	0	0	0	0.18	0	78.9	0	1	0	0	0	0.0449999999999946
34.630	34.62971088435374	34.70971088435378	114	123	115	117	82.5	115	115	115	115	82.29	0	0	-1.57	0	0	0	0	46	46	0	0.08000000000004093	0	0	0	0.035	0	78.3	0	1	0	0	0	0.1700000000000017
34.800	34.79971088435374	34.839710884353764	88	92	88	89	77.85	88	88	88	88	77.67	0	0	-4.48	0	0	0	0	16	16	0	0.040000000000020464	0	0	0	0.09	0	73.7	0	1	0	0	0	0.07000000000000028
34.870	34.86971088435374	34.89971088435376	92	94	92	92	78.45	92	92	92	92	78.43	0	0	0.92	0	0	0	0	21	21	0	0.030000000000015348	0	0	0	0.03	0	75.2	0	1	0	0	0	0.134999999999998
35.005	35.00471088435374	35.10471088435379	93	106	99	100	79.76	99	99	99	99	79.59	0	0	1.31	0	0	0	0	29	29	0	0.10000000000005116	0	0	0	0.105	0	77.6	0	1	0	0	0	0.2150000000000034
35.220	35.219710884353745	35.24471088435376	99	116	105	105	80.72	105	105	105	105	80.62	0	0	1.07	0	0	0	0	36	36	0	0.02500000000001279	0	0	0	0.115	0	77.6	0	1	0	0	0	0.054999999999999716
35.275	35.274710884353745	35.32971088435377	88	99	90	91	78.15	90	90	90	90	77.99	0	0	-2.58	0	0	0	0	18	18	0	0.05500000000002814	0	0	0	0.03	0	76.5	0	1	0	0	0	0.12999999999999545
35.405	35.40471088435374	35.46471088435377	80	90	84	83	76.65	84	84	84	84	76.9	0	0	-1.01	0	0	0	0	10	10	0	0.060000000000030695	0	0	0	0.075	0	73	0	1	0	0	0	0.14000000000000057
35.545	35.54471088435374	35.60471088435377	85	94	87	87	77.49	87	87	87	87	77.35	0	0	0.64	0	0	0	0	14	14	0	0.060000000000030695	0	0	0	0.08	0	75	0	1	0	0	0	0.09500000000000597
35.640	35.63971088435375	35.68971088435377	82	100	86	87	77.49	86	86	86	86	77.15	0	0	-0.17	0	0	0	0	13	13	0	0.05000000000002558	0	0	0	0.035	0	73.7	0	1	1	0	0.755	0.05000000000002558
